(51,92,Set(51, 61, 71, 81, 91, 92),5)
(51,83,Set(51, 61, 71, 72, 73, 83),5)
(51,95,Set(51, 61, 71, 72, 73, 83, 93, 94, 95),8)
(51,23,Set(51, 41, 31, 32, 33, 23),5)
(51,77,Set(51, 61, 71, 72, 73, 74, 75, 76, 77),8)
(51,86,Set(51, 61, 71, 72, 73, 83, 84, 85, 86),8)
(51,50,Set(51, 52, 53, 54, 55, 56, 57, 58, 59, 49, 50),10)
(51,59,Set(51, 52, 53, 54, 55, 56, 57, 58, 59),8)
(51,41,Set(51, 41),1)
(51,32,Set(51, 41, 31, 32),3)
(51,53,Set(51, 52, 53),2)
(51,17,Set(51, 41, 31, 21, 11, 12, 13, 14, 15, 16, 17),10)
(51,44,Set(51, 52, 53, 43, 44),4)
(51,35,Set(51, 41, 31, 32, 33, 34, 35),6)
(51,26,Set(51, 41, 31, 32, 33, 23, 24, 25, 26),8)
(51,80,Set(51, 61, 71, 72, 73, 74, 75, 76, 77, 78, 79, 80),11)
(51,89,Set(51, 61, 71, 72, 73, 74, 75, 76, 77, 78, 79, 89),11)
(51,98,Set(51, 61, 71, 72, 73, 83, 93, 94, 95, 96, 97, 98),11)
(51,71,Set(51, 61, 71),2)
(51,11,Set(51, 41, 31, 21, 11),4)
(51,74,Set(51, 61, 71, 72, 73, 74),5)
(51,56,Set(51, 52, 53, 54, 55, 56),5)
(51,29,Set(51, 41, 31, 32, 33, 23, 24, 25, 26, 27, 28, 29),11)
(51,38,Set(51, 41, 31, 32, 33, 34, 35, 36, 37, 38),9)
(51,47,Set(51, 52, 53, 43, 44, 45, 46, 47),7)
(51,20,Set(51, 41, 31, 21, 11, 12, 13, 14, 15, 16, 17, 18, 19, 20),13)
(51,65,Set(51, 52, 53, 54, 55, 65),5)
(51,5,Set(51, 41, 31, 21, 11, 12, 13, 14, 4, 5),9)
(51,14,Set(51, 41, 31, 21, 11, 12, 13, 14),7)
(51,46,Set(51, 52, 53, 43, 44, 45, 46),6)
(51,100,Set(51, 61, 71, 72, 73, 83, 93, 94, 95, 96, 97, 98, 99, 100),13)
(51,91,Set(51, 61, 71, 81, 91),4)
(51,55,Set(51, 52, 53, 54, 55),4)
(51,73,Set(51, 61, 71, 72, 73),4)
(51,64,Set(51, 52, 53, 54, 64),4)
(51,85,Set(51, 61, 71, 72, 73, 83, 84, 85),7)
(51,94,Set(51, 61, 71, 72, 73, 83, 93, 94),7)
(51,67,Set(51, 52, 53, 54, 55, 65, 66, 67),7)
(51,58,Set(51, 52, 53, 54, 55, 56, 57, 58),7)
(51,40,Set(51, 41, 31, 32, 33, 34, 35, 36, 37, 38, 39, 40),11)
(51,49,Set(51, 52, 53, 54, 55, 56, 57, 58, 59, 49),9)
(51,4,Set(51, 41, 31, 21, 11, 12, 13, 14, 4),8)
(51,13,Set(51, 41, 31, 21, 11, 12, 13),6)
(51,31,Set(51, 41, 31),2)
(51,76,Set(51, 61, 71, 72, 73, 74, 75, 76),7)
(51,97,Set(51, 61, 71, 72, 73, 83, 93, 94, 95, 96, 97),10)
(51,16,Set(51, 41, 31, 21, 11, 12, 13, 14, 15, 16),9)
(51,7,Set(51, 41, 31, 21, 11, 12, 13, 14, 4, 5, 6, 7),11)
(51,79,Set(51, 61, 71, 72, 73, 74, 75, 76, 77, 78, 79),10)
(51,70,Set(51, 52, 53, 54, 55, 56, 57, 58, 59, 69, 70),10)
(51,52,Set(51, 52),1)
(51,43,Set(51, 52, 53, 43),3)
(51,25,Set(51, 41, 31, 32, 33, 23, 24, 25),7)
(51,34,Set(51, 41, 31, 32, 33, 34),5)
(51,61,Set(51, 61),1)
(51,10,Set(51, 41, 31, 21, 11, 12, 13, 14, 15, 16, 17, 18, 19, 20, 10),14)
(51,37,Set(51, 41, 31, 32, 33, 34, 35, 36, 37),8)
(51,1,Set(51, 41, 31, 21, 11, 1),5)
(51,19,Set(51, 41, 31, 21, 11, 12, 13, 14, 15, 16, 17, 18, 19),12)
(51,28,Set(51, 41, 31, 32, 33, 23, 24, 25, 26, 27, 28),10)
(51,60,Set(51, 52, 53, 54, 55, 56, 57, 58, 59, 60),9)
(51,87,Set(51, 61, 71, 72, 73, 83, 84, 85, 86, 87),9)
(51,96,Set(51, 61, 71, 72, 73, 83, 93, 94, 95, 96),9)
(51,69,Set(51, 52, 53, 54, 55, 56, 57, 58, 59, 69),9)
(51,78,Set(51, 61, 71, 72, 73, 74, 75, 76, 77, 78),9)
(51,90,Set(51, 61, 71, 72, 73, 74, 75, 76, 77, 78, 79, 80, 90),12)
(51,99,Set(51, 61, 71, 72, 73, 83, 93, 94, 95, 96, 97, 98, 99),12)
(51,63,Set(51, 52, 53, 63),3)
(51,45,Set(51, 52, 53, 43, 44, 45),5)
(51,54,Set(51, 52, 53, 54),3)
(51,81,Set(51, 61, 71, 81),3)
(51,72,Set(51, 61, 71, 72),3)
(51,27,Set(51, 41, 31, 32, 33, 23, 24, 25, 26, 27),9)
(51,36,Set(51, 41, 31, 32, 33, 34, 35, 36),7)
(51,9,Set(51, 41, 31, 21, 11, 12, 13, 14, 15, 16, 17, 18, 19, 9),13)
(51,18,Set(51, 41, 31, 21, 11, 12, 13, 14, 15, 16, 17, 18),11)
(51,21,Set(51, 41, 31, 21),3)
(51,57,Set(51, 52, 53, 54, 55, 56, 57),6)
(51,12,Set(51, 41, 31, 21, 11, 12),5)
(51,84,Set(51, 61, 71, 72, 73, 83, 84),6)
(51,3,Set(51, 41, 31, 21, 11, 12, 13, 3),7)
(51,93,Set(51, 61, 71, 72, 73, 83, 93),6)
(51,75,Set(51, 61, 71, 72, 73, 74, 75),6)
(51,30,Set(51, 41, 31, 32, 33, 23, 24, 25, 26, 27, 28, 29, 30),12)
(51,39,Set(51, 41, 31, 32, 33, 34, 35, 36, 37, 38, 39),10)
(51,66,Set(51, 52, 53, 54, 55, 65, 66),6)
(51,15,Set(51, 41, 31, 21, 11, 12, 13, 14, 15),8)
(51,6,Set(51, 41, 31, 21, 11, 12, 13, 14, 4, 5, 6),10)
(51,33,Set(51, 41, 31, 32, 33),4)
(51,24,Set(51, 41, 31, 32, 33, 23, 24),6)
(52,92,Set(52, 53, 63, 73, 83, 93, 92),6)
(52,83,Set(52, 53, 63, 73, 83),4)
(52,95,Set(52, 53, 54, 55, 65, 75, 85, 95),7)
(52,23,Set(52, 53, 43, 33, 23),4)
(52,77,Set(52, 53, 54, 55, 65, 75, 76, 77),7)
(52,86,Set(52, 53, 54, 55, 65, 75, 76, 86),7)
(52,50,Set(52, 53, 54, 55, 56, 57, 58, 59, 49, 50),9)
(52,59,Set(52, 53, 54, 55, 56, 57, 58, 59),7)
(52,32,Set(52, 53, 43, 33, 32),4)
(52,41,Set(52, 51, 41),2)
(52,53,Set(52, 53),1)
(52,17,Set(52, 53, 43, 44, 34, 24, 14, 15, 16, 17),9)
(52,44,Set(52, 53, 43, 44),3)
(52,35,Set(52, 53, 43, 44, 34, 35),5)
(52,26,Set(52, 53, 43, 44, 34, 24, 25, 26),7)
(52,80,Set(52, 53, 54, 55, 65, 75, 76, 77, 78, 79, 80),10)
(52,89,Set(52, 53, 54, 55, 65, 75, 76, 77, 78, 79, 89),10)
(52,98,Set(52, 53, 54, 55, 65, 75, 76, 77, 87, 97, 98),10)
(52,71,Set(52, 51, 61, 71),3)
(52,11,Set(52, 51, 41, 31, 21, 11),5)
(52,74,Set(52, 53, 54, 64, 74),4)
(52,56,Set(52, 53, 54, 55, 56),4)
(52,29,Set(52, 53, 43, 44, 34, 24, 25, 26, 27, 28, 29),10)
(52,38,Set(52, 53, 43, 44, 34, 35, 36, 37, 38),8)
(52,47,Set(52, 53, 43, 44, 45, 46, 47),6)
(52,20,Set(52, 53, 43, 44, 34, 24, 14, 15, 16, 17, 18, 19, 20),12)
(52,65,Set(52, 53, 54, 55, 65),4)
(52,5,Set(52, 53, 43, 44, 34, 24, 14, 4, 5),8)
(52,14,Set(52, 53, 43, 44, 34, 24, 14),6)
(52,46,Set(52, 53, 43, 44, 45, 46),5)
(52,100,Set(52, 53, 54, 55, 65, 75, 76, 77, 87, 97, 98, 99, 100),12)
(52,91,Set(52, 51, 61, 71, 81, 91),5)
(52,64,Set(52, 53, 54, 64),3)
(52,73,Set(52, 53, 63, 73),3)
(52,55,Set(52, 53, 54, 55),3)
(52,85,Set(52, 53, 54, 55, 65, 75, 85),6)
(52,94,Set(52, 53, 54, 64, 74, 84, 94),6)
(52,67,Set(52, 53, 54, 55, 65, 66, 67),6)
(52,58,Set(52, 53, 54, 55, 56, 57, 58),6)
(52,40,Set(52, 53, 43, 44, 34, 35, 36, 37, 38, 39, 40),10)
(52,49,Set(52, 53, 54, 55, 56, 57, 58, 59, 49),8)
(52,4,Set(52, 53, 43, 44, 34, 24, 14, 4),7)
(52,13,Set(52, 53, 43, 33, 23, 13),5)
(52,31,Set(52, 51, 41, 31),3)
(52,76,Set(52, 53, 54, 55, 65, 75, 76),6)
(52,97,Set(52, 53, 54, 55, 65, 75, 76, 77, 87, 97),9)
(52,16,Set(52, 53, 43, 44, 34, 24, 14, 15, 16),8)
(52,7,Set(52, 53, 43, 44, 34, 24, 14, 4, 5, 6, 7),10)
(52,79,Set(52, 53, 54, 55, 65, 75, 76, 77, 78, 79),9)
(52,70,Set(52, 53, 54, 55, 56, 57, 58, 59, 69, 70),9)
(52,43,Set(52, 53, 43),2)
(52,25,Set(52, 53, 43, 44, 34, 24, 25),6)
(52,34,Set(52, 53, 43, 44, 34),4)
(52,61,Set(52, 51, 61),2)
(52,10,Set(52, 53, 43, 44, 34, 24, 14, 15, 16, 17, 18, 19, 20, 10),13)
(52,37,Set(52, 53, 43, 44, 34, 35, 36, 37),7)
(52,1,Set(52, 51, 41, 31, 21, 11, 1),6)
(52,19,Set(52, 53, 43, 44, 34, 24, 14, 15, 16, 17, 18, 19),11)
(52,28,Set(52, 53, 43, 44, 34, 24, 25, 26, 27, 28),9)
(52,60,Set(52, 53, 54, 55, 56, 57, 58, 59, 60),8)
(52,87,Set(52, 53, 54, 55, 65, 75, 76, 77, 87),8)
(52,96,Set(52, 53, 54, 55, 65, 75, 76, 86, 96),8)
(52,69,Set(52, 53, 54, 55, 56, 57, 58, 59, 69),8)
(52,78,Set(52, 53, 54, 55, 65, 75, 76, 77, 78),8)
(52,90,Set(52, 53, 54, 55, 65, 75, 76, 77, 78, 79, 80, 90),11)
(52,99,Set(52, 53, 54, 55, 65, 75, 76, 77, 87, 97, 98, 99),11)
(52,63,Set(52, 53, 63),2)
(52,45,Set(52, 53, 43, 44, 45),4)
(52,54,Set(52, 53, 54),2)
(52,72,Set(52, 53, 63, 73, 72),4)
(52,81,Set(52, 51, 61, 71, 81),4)
(52,27,Set(52, 53, 43, 44, 34, 24, 25, 26, 27),8)
(52,36,Set(52, 53, 43, 44, 34, 35, 36),6)
(52,9,Set(52, 53, 43, 44, 34, 24, 14, 15, 16, 17, 18, 19, 9),12)
(52,18,Set(52, 53, 43, 44, 34, 24, 14, 15, 16, 17, 18),10)
(52,21,Set(52, 51, 41, 31, 21),4)
(52,57,Set(52, 53, 54, 55, 56, 57),5)
(52,84,Set(52, 53, 54, 64, 74, 84),5)
(52,12,Set(52, 53, 43, 33, 23, 13, 12),6)
(52,3,Set(52, 53, 43, 33, 23, 13, 3),6)
(52,93,Set(52, 53, 63, 73, 83, 93),5)
(52,75,Set(52, 53, 54, 55, 65, 75),5)
(52,30,Set(52, 53, 43, 44, 34, 24, 25, 26, 27, 28, 29, 30),11)
(52,39,Set(52, 53, 43, 44, 34, 35, 36, 37, 38, 39),9)
(52,66,Set(52, 53, 54, 55, 65, 66),5)
(52,15,Set(52, 53, 43, 44, 34, 24, 14, 15),7)
(52,51,Set(52, 51),1)
(52,6,Set(52, 53, 43, 44, 34, 24, 14, 4, 5, 6),9)
(52,33,Set(52, 53, 43, 33),3)
(52,24,Set(52, 53, 43, 44, 34, 24),5)
(53,92,Set(53, 63, 73, 83, 93, 92),5)
(53,83,Set(53, 63, 73, 83),3)
(53,23,Set(53, 43, 33, 23),3)
(53,95,Set(53, 54, 55, 65, 75, 85, 95),6)
(53,86,Set(53, 54, 55, 65, 75, 76, 86),6)
(53,77,Set(53, 54, 55, 65, 75, 76, 77),6)
(53,50,Set(53, 54, 55, 56, 57, 58, 59, 49, 50),8)
(53,59,Set(53, 54, 55, 56, 57, 58, 59),6)
(53,32,Set(53, 43, 33, 32),3)
(53,41,Set(53, 52, 51, 41),3)
(53,17,Set(53, 43, 44, 34, 24, 14, 15, 16, 17),8)
(53,44,Set(53, 43, 44),2)
(53,35,Set(53, 43, 44, 34, 35),4)
(53,26,Set(53, 43, 44, 34, 24, 25, 26),6)
(53,80,Set(53, 54, 55, 65, 75, 76, 77, 78, 79, 80),9)
(53,89,Set(53, 54, 55, 65, 75, 76, 77, 78, 79, 89),9)
(53,98,Set(53, 54, 55, 65, 75, 76, 77, 87, 97, 98),9)
(53,71,Set(53, 52, 51, 61, 71),4)
(53,11,Set(53, 43, 33, 23, 13, 12, 11),6)
(53,74,Set(53, 54, 64, 74),3)
(53,56,Set(53, 54, 55, 56),3)
(53,29,Set(53, 43, 44, 34, 24, 25, 26, 27, 28, 29),9)
(53,38,Set(53, 43, 44, 34, 35, 36, 37, 38),7)
(53,47,Set(53, 43, 44, 45, 46, 47),5)
(53,20,Set(53, 43, 44, 34, 24, 14, 15, 16, 17, 18, 19, 20),11)
(53,65,Set(53, 54, 55, 65),3)
(53,5,Set(53, 43, 44, 34, 24, 14, 4, 5),7)
(53,14,Set(53, 43, 44, 34, 24, 14),5)
(53,46,Set(53, 43, 44, 45, 46),4)
(53,100,Set(53, 54, 55, 65, 75, 76, 77, 87, 97, 98, 99, 100),11)
(53,91,Set(53, 52, 51, 61, 71, 81, 91),6)
(53,64,Set(53, 54, 64),2)
(53,73,Set(53, 63, 73),2)
(53,55,Set(53, 54, 55),2)
(53,85,Set(53, 54, 55, 65, 75, 85),5)
(53,94,Set(53, 54, 64, 74, 84, 94),5)
(53,67,Set(53, 54, 55, 65, 66, 67),5)
(53,58,Set(53, 54, 55, 56, 57, 58),5)
(53,40,Set(53, 43, 44, 34, 35, 36, 37, 38, 39, 40),9)
(53,49,Set(53, 54, 55, 56, 57, 58, 59, 49),7)
(53,4,Set(53, 43, 44, 34, 24, 14, 4),6)
(53,13,Set(53, 43, 33, 23, 13),4)
(53,31,Set(53, 43, 33, 32, 31),4)
(53,76,Set(53, 54, 55, 65, 75, 76),5)
(53,97,Set(53, 54, 55, 65, 75, 76, 77, 87, 97),8)
(53,16,Set(53, 43, 44, 34, 24, 14, 15, 16),7)
(53,7,Set(53, 43, 44, 34, 24, 14, 4, 5, 6, 7),9)
(53,79,Set(53, 54, 55, 65, 75, 76, 77, 78, 79),8)
(53,70,Set(53, 54, 55, 56, 57, 58, 59, 69, 70),8)
(53,52,Set(53, 52),1)
(53,43,Set(53, 43),1)
(53,25,Set(53, 43, 44, 34, 24, 25),5)
(53,34,Set(53, 43, 44, 34),3)
(53,61,Set(53, 52, 51, 61),3)
(53,10,Set(53, 43, 44, 34, 24, 14, 15, 16, 17, 18, 19, 20, 10),12)
(53,37,Set(53, 43, 44, 34, 35, 36, 37),6)
(53,1,Set(53, 43, 33, 23, 13, 12, 11, 1),7)
(53,19,Set(53, 43, 44, 34, 24, 14, 15, 16, 17, 18, 19),10)
(53,28,Set(53, 43, 44, 34, 24, 25, 26, 27, 28),8)
(53,60,Set(53, 54, 55, 56, 57, 58, 59, 60),7)
(53,87,Set(53, 54, 55, 65, 75, 76, 77, 87),7)
(53,96,Set(53, 54, 55, 65, 75, 76, 86, 96),7)
(53,69,Set(53, 54, 55, 56, 57, 58, 59, 69),7)
(53,78,Set(53, 54, 55, 65, 75, 76, 77, 78),7)
(53,90,Set(53, 54, 55, 65, 75, 76, 77, 78, 79, 80, 90),10)
(53,99,Set(53, 54, 55, 65, 75, 76, 77, 87, 97, 98, 99),10)
(53,63,Set(53, 63),1)
(53,45,Set(53, 43, 44, 45),3)
(53,54,Set(53, 54),1)
(53,72,Set(53, 63, 73, 72),3)
(53,81,Set(53, 52, 51, 61, 71, 81),5)
(53,27,Set(53, 43, 44, 34, 24, 25, 26, 27),7)
(53,36,Set(53, 43, 44, 34, 35, 36),5)
(53,9,Set(53, 43, 44, 34, 24, 14, 15, 16, 17, 18, 19, 9),11)
(53,18,Set(53, 43, 44, 34, 24, 14, 15, 16, 17, 18),9)
(53,57,Set(53, 54, 55, 56, 57),4)
(53,21,Set(53, 43, 33, 32, 31, 21),5)
(53,84,Set(53, 54, 64, 74, 84),4)
(53,12,Set(53, 43, 33, 23, 13, 12),5)
(53,3,Set(53, 43, 33, 23, 13, 3),5)
(53,93,Set(53, 63, 73, 83, 93),4)
(53,75,Set(53, 54, 55, 65, 75),4)
(53,30,Set(53, 43, 44, 34, 24, 25, 26, 27, 28, 29, 30),10)
(53,39,Set(53, 43, 44, 34, 35, 36, 37, 38, 39),8)
(53,66,Set(53, 54, 55, 65, 66),4)
(53,15,Set(53, 43, 44, 34, 24, 14, 15),6)
(53,51,Set(53, 52, 51),2)
(53,6,Set(53, 43, 44, 34, 24, 14, 4, 5, 6),8)
(53,33,Set(53, 43, 33),2)
(53,24,Set(53, 43, 44, 34, 24),4)
(54,92,Set(54, 53, 63, 73, 83, 93, 92),6)
(54,83,Set(54, 53, 63, 73, 83),4)
(54,23,Set(54, 44, 43, 33, 23),4)
(54,95,Set(54, 55, 65, 75, 85, 95),5)
(54,86,Set(54, 55, 65, 75, 76, 86),5)
(54,77,Set(54, 55, 65, 75, 76, 77),5)
(54,50,Set(54, 55, 56, 57, 58, 59, 49, 50),7)
(54,41,Set(54, 53, 52, 51, 41),4)
(54,32,Set(54, 44, 43, 33, 32),4)
(54,59,Set(54, 55, 56, 57, 58, 59),5)
(54,53,Set(54, 53),1)
(54,17,Set(54, 44, 34, 24, 14, 15, 16, 17),7)
(54,35,Set(54, 44, 34, 35),3)
(54,44,Set(54, 44),1)
(54,26,Set(54, 44, 34, 24, 25, 26),5)
(54,80,Set(54, 55, 65, 75, 76, 77, 78, 79, 80),8)
(54,89,Set(54, 55, 65, 75, 76, 77, 78, 79, 89),8)
(54,98,Set(54, 55, 65, 75, 76, 77, 87, 97, 98),8)
(54,71,Set(54, 53, 52, 51, 61, 71),5)
(54,11,Set(54, 44, 43, 33, 23, 13, 12, 11),7)
(54,74,Set(54, 64, 74),2)
(54,56,Set(54, 55, 56),2)
(54,29,Set(54, 44, 34, 24, 25, 26, 27, 28, 29),8)
(54,38,Set(54, 44, 34, 35, 36, 37, 38),6)
(54,47,Set(54, 44, 45, 46, 47),4)
(54,20,Set(54, 44, 34, 24, 14, 15, 16, 17, 18, 19, 20),10)
(54,65,Set(54, 55, 65),2)
(54,5,Set(54, 44, 34, 24, 14, 4, 5),6)
(54,14,Set(54, 44, 34, 24, 14),4)
(54,46,Set(54, 44, 45, 46),3)
(54,100,Set(54, 55, 65, 75, 76, 77, 87, 97, 98, 99, 100),10)
(54,91,Set(54, 53, 52, 51, 61, 71, 81, 91),7)
(54,64,Set(54, 64),1)
(54,55,Set(54, 55),1)
(54,73,Set(54, 53, 63, 73),3)
(54,85,Set(54, 55, 65, 75, 85),4)
(54,94,Set(54, 64, 74, 84, 94),4)
(54,67,Set(54, 55, 65, 66, 67),4)
(54,58,Set(54, 55, 56, 57, 58),4)
(54,40,Set(54, 44, 34, 35, 36, 37, 38, 39, 40),8)
(54,49,Set(54, 55, 56, 57, 58, 59, 49),6)
(54,13,Set(54, 44, 43, 33, 23, 13),5)
(54,4,Set(54, 44, 34, 24, 14, 4),5)
(54,76,Set(54, 55, 65, 75, 76),4)
(54,31,Set(54, 44, 43, 33, 32, 31),5)
(54,97,Set(54, 55, 65, 75, 76, 77, 87, 97),7)
(54,16,Set(54, 44, 34, 24, 14, 15, 16),6)
(54,7,Set(54, 44, 34, 24, 14, 4, 5, 6, 7),8)
(54,79,Set(54, 55, 65, 75, 76, 77, 78, 79),7)
(54,70,Set(54, 55, 56, 57, 58, 59, 69, 70),7)
(54,52,Set(54, 53, 52),2)
(54,43,Set(54, 44, 43),2)
(54,25,Set(54, 44, 34, 24, 25),4)
(54,34,Set(54, 44, 34),2)
(54,61,Set(54, 53, 52, 51, 61),4)
(54,10,Set(54, 44, 34, 24, 14, 15, 16, 17, 18, 19, 20, 10),11)
(54,37,Set(54, 44, 34, 35, 36, 37),5)
(54,1,Set(54, 44, 43, 33, 23, 13, 12, 11, 1),8)
(54,19,Set(54, 44, 34, 24, 14, 15, 16, 17, 18, 19),9)
(54,28,Set(54, 44, 34, 24, 25, 26, 27, 28),7)
(54,60,Set(54, 55, 56, 57, 58, 59, 60),6)
(54,87,Set(54, 55, 65, 75, 76, 77, 87),6)
(54,96,Set(54, 55, 65, 75, 76, 86, 96),6)
(54,69,Set(54, 55, 56, 57, 58, 59, 69),6)
(54,78,Set(54, 55, 65, 75, 76, 77, 78),6)
(54,90,Set(54, 55, 65, 75, 76, 77, 78, 79, 80, 90),9)
(54,99,Set(54, 55, 65, 75, 76, 77, 87, 97, 98, 99),9)
(54,63,Set(54, 53, 63),2)
(54,45,Set(54, 44, 45),2)
(54,81,Set(54, 53, 52, 51, 61, 71, 81),6)
(54,72,Set(54, 53, 63, 73, 72),4)
(54,27,Set(54, 44, 34, 24, 25, 26, 27),6)
(54,36,Set(54, 44, 34, 35, 36),4)
(54,9,Set(54, 44, 34, 24, 14, 15, 16, 17, 18, 19, 9),10)
(54,18,Set(54, 44, 34, 24, 14, 15, 16, 17, 18),8)
(54,21,Set(54, 44, 43, 33, 32, 31, 21),6)
(54,57,Set(54, 55, 56, 57),3)
(54,3,Set(54, 44, 43, 33, 23, 13, 3),6)
(54,12,Set(54, 44, 43, 33, 23, 13, 12),6)
(54,84,Set(54, 64, 74, 84),3)
(54,93,Set(54, 53, 63, 73, 83, 93),5)
(54,75,Set(54, 55, 65, 75),3)
(54,30,Set(54, 44, 34, 24, 25, 26, 27, 28, 29, 30),9)
(54,39,Set(54, 44, 34, 35, 36, 37, 38, 39),7)
(54,66,Set(54, 55, 65, 66),3)
(54,15,Set(54, 44, 34, 24, 14, 15),5)
(54,51,Set(54, 53, 52, 51),3)
(54,6,Set(54, 44, 34, 24, 14, 4, 5, 6),7)
(54,24,Set(54, 44, 34, 24),3)
(54,33,Set(54, 44, 43, 33),3)
(55,92,Set(55, 65, 75, 74, 73, 83, 93, 92),7)
(55,83,Set(55, 65, 75, 74, 73, 83),5)
(55,95,Set(55, 65, 75, 85, 95),4)
(55,23,Set(55, 54, 44, 43, 33, 23),5)
(55,77,Set(55, 65, 75, 76, 77),4)
(55,86,Set(55, 65, 75, 76, 86),4)
(55,50,Set(55, 56, 57, 58, 59, 49, 50),6)
(55,41,Set(55, 54, 53, 52, 51, 41),5)
(55,59,Set(55, 56, 57, 58, 59),4)
(55,32,Set(55, 54, 44, 43, 33, 32),5)
(55,53,Set(55, 54, 53),2)
(55,17,Set(55, 56, 57, 47, 37, 27, 17),6)
(55,35,Set(55, 45, 35),2)
(55,44,Set(55, 54, 44),2)
(55,26,Set(55, 56, 46, 36, 26),4)
(55,80,Set(55, 65, 75, 76, 77, 78, 79, 80),7)
(55,89,Set(55, 65, 75, 76, 77, 78, 79, 89),7)
(55,98,Set(55, 65, 75, 76, 77, 87, 97, 98),7)
(55,71,Set(55, 65, 75, 74, 73, 72, 71),6)
(55,11,Set(55, 54, 44, 43, 33, 23, 13, 12, 11),8)
(55,74,Set(55, 65, 75, 74),3)
(55,56,Set(55, 56),1)
(55,29,Set(55, 56, 57, 47, 37, 38, 28, 29),7)
(55,47,Set(55, 56, 57, 47),3)
(55,38,Set(55, 56, 57, 47, 37, 38),5)
(55,20,Set(55, 56, 57, 47, 37, 38, 28, 29, 19, 20),9)
(55,65,Set(55, 65),1)
(55,5,Set(55, 45, 35, 25, 15, 5),5)
(55,14,Set(55, 54, 44, 34, 24, 14),5)
(55,46,Set(55, 56, 46),2)
(55,100,Set(55, 65, 75, 76, 77, 87, 97, 98, 99, 100),9)
(55,91,Set(55, 65, 75, 74, 73, 72, 71, 81, 91),8)
(55,64,Set(55, 65, 64),2)
(55,73,Set(55, 65, 75, 74, 73),4)
(55,94,Set(55, 65, 75, 74, 84, 94),5)
(55,85,Set(55, 65, 75, 85),3)
(55,58,Set(55, 56, 57, 58),3)
(55,67,Set(55, 65, 66, 67),3)
(55,40,Set(55, 56, 57, 47, 37, 38, 39, 40),7)
(55,49,Set(55, 56, 57, 58, 59, 49),5)
(55,4,Set(55, 54, 44, 34, 24, 14, 4),6)
(55,13,Set(55, 54, 44, 43, 33, 23, 13),6)
(55,31,Set(55, 54, 44, 43, 33, 32, 31),6)
(55,76,Set(55, 65, 75, 76),3)
(55,97,Set(55, 65, 75, 76, 77, 87, 97),6)
(55,16,Set(55, 56, 46, 36, 26, 16),5)
(55,7,Set(55, 56, 57, 47, 37, 27, 17, 7),7)
(55,79,Set(55, 65, 75, 76, 77, 78, 79),6)
(55,70,Set(55, 56, 57, 58, 59, 69, 70),6)
(55,52,Set(55, 54, 53, 52),3)
(55,43,Set(55, 54, 44, 43),3)
(55,25,Set(55, 45, 35, 25),3)
(55,34,Set(55, 54, 44, 34),3)
(55,61,Set(55, 54, 53, 52, 51, 61),5)
(55,10,Set(55, 56, 57, 47, 37, 38, 28, 29, 19, 20, 10),10)
(55,37,Set(55, 56, 57, 47, 37),4)
(55,1,Set(55, 54, 44, 43, 33, 23, 13, 12, 11, 1),9)
(55,19,Set(55, 56, 57, 47, 37, 38, 28, 29, 19),8)
(55,28,Set(55, 56, 57, 47, 37, 38, 28),6)
(55,60,Set(55, 56, 57, 58, 59, 60),5)
(55,87,Set(55, 65, 75, 76, 77, 87),5)
(55,96,Set(55, 65, 75, 76, 86, 96),5)
(55,78,Set(55, 65, 75, 76, 77, 78),5)
(55,69,Set(55, 56, 57, 58, 59, 69),5)
(55,90,Set(55, 65, 75, 76, 77, 78, 79, 80, 90),8)
(55,99,Set(55, 65, 75, 76, 77, 87, 97, 98, 99),8)
(55,63,Set(55, 65, 64, 63),3)
(55,45,Set(55, 45),1)
(55,54,Set(55, 54),1)
(55,81,Set(55, 65, 75, 74, 73, 72, 71, 81),7)
(55,72,Set(55, 65, 75, 74, 73, 72),5)
(55,36,Set(55, 56, 46, 36),3)
(55,27,Set(55, 56, 57, 47, 37, 27),5)
(55,9,Set(55, 56, 57, 47, 37, 38, 28, 29, 19, 9),9)
(55,18,Set(55, 56, 57, 47, 37, 38, 28, 18),7)
(55,21,Set(55, 54, 44, 43, 33, 32, 31, 21),7)
(55,57,Set(55, 56, 57),2)
(55,3,Set(55, 54, 44, 43, 33, 23, 13, 3),7)
(55,12,Set(55, 54, 44, 43, 33, 23, 13, 12),7)
(55,84,Set(55, 65, 75, 74, 84),4)
(55,93,Set(55, 65, 75, 74, 73, 83, 93),6)
(55,75,Set(55, 65, 75),2)
(55,30,Set(55, 56, 57, 47, 37, 38, 28, 29, 30),8)
(55,39,Set(55, 56, 57, 47, 37, 38, 39),6)
(55,66,Set(55, 65, 66),2)
(55,15,Set(55, 45, 35, 25, 15),4)
(55,51,Set(55, 54, 53, 52, 51),4)
(55,6,Set(55, 56, 46, 36, 26, 16, 6),6)
(55,33,Set(55, 54, 44, 43, 33),4)
(55,24,Set(55, 54, 44, 34, 24),4)
(56,92,Set(56, 55, 65, 75, 74, 73, 83, 93, 92),8)
(56,83,Set(56, 55, 65, 75, 74, 73, 83),6)
(56,23,Set(56, 55, 54, 44, 43, 33, 23),6)
(56,95,Set(56, 55, 65, 75, 85, 95),5)
(56,86,Set(56, 66, 76, 86),3)
(56,77,Set(56, 57, 67, 77),3)
(56,41,Set(56, 55, 54, 53, 52, 51, 41),6)
(56,32,Set(56, 55, 54, 44, 43, 33, 32),6)
(56,50,Set(56, 57, 58, 59, 49, 50),5)
(56,59,Set(56, 57, 58, 59),3)
(56,53,Set(56, 55, 54, 53),3)
(56,44,Set(56, 55, 54, 44),3)
(56,35,Set(56, 55, 45, 35),3)
(56,17,Set(56, 57, 47, 37, 27, 17),5)
(56,26,Set(56, 46, 36, 26),3)
(56,80,Set(56, 57, 58, 59, 69, 79, 80),6)
(56,89,Set(56, 57, 58, 59, 69, 79, 89),6)
(56,71,Set(56, 55, 65, 75, 74, 73, 72, 71),7)
(56,98,Set(56, 57, 67, 77, 87, 97, 98),6)
(56,11,Set(56, 55, 54, 44, 43, 33, 23, 13, 12, 11),9)
(56,74,Set(56, 55, 65, 75, 74),4)
(56,29,Set(56, 57, 47, 37, 38, 28, 29),6)
(56,47,Set(56, 57, 47),2)
(56,38,Set(56, 57, 47, 37, 38),4)
(56,20,Set(56, 57, 47, 37, 38, 28, 29, 19, 20),8)
(56,65,Set(56, 55, 65),2)
(56,5,Set(56, 55, 45, 35, 25, 15, 5),6)
(56,14,Set(56, 55, 54, 44, 34, 24, 14),6)
(56,46,Set(56, 46),1)
(56,100,Set(56, 57, 58, 59, 69, 79, 80, 90, 100),8)
(56,91,Set(56, 55, 65, 75, 74, 73, 72, 71, 81, 91),9)
(56,64,Set(56, 55, 65, 64),3)
(56,55,Set(56, 55),1)
(56,73,Set(56, 55, 65, 75, 74, 73),5)
(56,94,Set(56, 55, 65, 75, 74, 84, 94),6)
(56,67,Set(56, 57, 67),2)
(56,58,Set(56, 57, 58),2)
(56,85,Set(56, 55, 65, 75, 85),4)
(56,40,Set(56, 57, 47, 37, 38, 39, 40),6)
(56,49,Set(56, 57, 58, 59, 49),4)
(56,4,Set(56, 55, 54, 44, 34, 24, 14, 4),7)
(56,13,Set(56, 55, 54, 44, 43, 33, 23, 13),7)
(56,31,Set(56, 55, 54, 44, 43, 33, 32, 31),7)
(56,76,Set(56, 66, 76),2)
(56,16,Set(56, 46, 36, 26, 16),4)
(56,97,Set(56, 57, 67, 77, 87, 97),5)
(56,7,Set(56, 57, 47, 37, 27, 17, 7),6)
(56,79,Set(56, 57, 58, 59, 69, 79),5)
(56,70,Set(56, 57, 58, 59, 69, 70),5)
(56,43,Set(56, 55, 54, 44, 43),4)
(56,52,Set(56, 55, 54, 53, 52),4)
(56,25,Set(56, 55, 45, 35, 25),4)
(56,34,Set(56, 55, 54, 44, 34),4)
(56,61,Set(56, 55, 54, 53, 52, 51, 61),6)
(56,10,Set(56, 57, 47, 37, 38, 28, 29, 19, 20, 10),9)
(56,37,Set(56, 57, 47, 37),3)
(56,1,Set(56, 55, 54, 44, 43, 33, 23, 13, 12, 11, 1),10)
(56,19,Set(56, 57, 47, 37, 38, 28, 29, 19),7)
(56,28,Set(56, 57, 47, 37, 38, 28),5)
(56,60,Set(56, 57, 58, 59, 60),4)
(56,87,Set(56, 57, 67, 77, 87),4)
(56,96,Set(56, 66, 76, 86, 96),4)
(56,78,Set(56, 57, 67, 77, 78),4)
(56,69,Set(56, 57, 58, 59, 69),4)
(56,90,Set(56, 57, 58, 59, 69, 79, 80, 90),7)
(56,99,Set(56, 57, 58, 59, 69, 79, 89, 99),7)
(56,63,Set(56, 55, 65, 64, 63),4)
(56,45,Set(56, 55, 45),2)
(56,54,Set(56, 55, 54),2)
(56,81,Set(56, 55, 65, 75, 74, 73, 72, 71, 81),8)
(56,72,Set(56, 55, 65, 75, 74, 73, 72),6)
(56,36,Set(56, 46, 36),2)
(56,27,Set(56, 57, 47, 37, 27),4)
(56,9,Set(56, 57, 47, 37, 38, 28, 29, 19, 9),8)
(56,18,Set(56, 57, 47, 37, 38, 28, 18),6)
(56,21,Set(56, 55, 54, 44, 43, 33, 32, 31, 21),8)
(56,57,Set(56, 57),1)
(56,3,Set(56, 55, 54, 44, 43, 33, 23, 13, 3),8)
(56,12,Set(56, 55, 54, 44, 43, 33, 23, 13, 12),8)
(56,84,Set(56, 55, 65, 75, 74, 84),5)
(56,93,Set(56, 55, 65, 75, 74, 73, 83, 93),7)
(56,75,Set(56, 55, 65, 75),3)
(56,30,Set(56, 57, 47, 37, 38, 28, 29, 30),7)
(56,39,Set(56, 57, 47, 37, 38, 39),5)
(56,66,Set(56, 66),1)
(56,15,Set(56, 55, 45, 35, 25, 15),5)
(56,51,Set(56, 55, 54, 53, 52, 51),5)
(56,6,Set(56, 46, 36, 26, 16, 6),5)
(56,33,Set(56, 55, 54, 44, 43, 33),5)
(56,24,Set(56, 55, 54, 44, 34, 24),5)
(57,92,Set(57, 56, 55, 65, 75, 74, 73, 83, 93, 92),9)
(57,83,Set(57, 56, 55, 65, 75, 74, 73, 83),7)
(57,23,Set(57, 47, 46, 36, 26, 25, 24, 23),7)
(57,95,Set(57, 56, 55, 65, 75, 85, 95),6)
(57,86,Set(57, 56, 66, 76, 86),4)
(57,77,Set(57, 67, 77),2)
(57,41,Set(57, 56, 55, 54, 53, 52, 51, 41),7)
(57,32,Set(57, 47, 46, 36, 35, 34, 33, 32),7)
(57,59,Set(57, 58, 59),2)
(57,50,Set(57, 58, 59, 49, 50),4)
(57,53,Set(57, 56, 55, 54, 53),4)
(57,35,Set(57, 47, 46, 36, 35),4)
(57,44,Set(57, 47, 46, 45, 44),4)
(57,17,Set(57, 47, 37, 27, 17),4)
(57,26,Set(57, 47, 46, 36, 26),4)
(57,89,Set(57, 58, 59, 69, 79, 89),5)
(57,80,Set(57, 58, 59, 69, 79, 80),5)
(57,71,Set(57, 56, 55, 65, 75, 74, 73, 72, 71),8)
(57,98,Set(57, 67, 77, 87, 97, 98),5)
(57,11,Set(57, 47, 46, 36, 26, 25, 24, 23, 13, 12, 11),10)
(57,74,Set(57, 56, 55, 65, 75, 74),5)
(57,56,Set(57, 56),1)
(57,29,Set(57, 47, 37, 38, 28, 29),5)
(57,38,Set(57, 47, 37, 38),3)
(57,47,Set(57, 47),1)
(57,20,Set(57, 47, 37, 38, 28, 29, 19, 20),7)
(57,65,Set(57, 56, 55, 65),3)
(57,5,Set(57, 47, 46, 36, 26, 25, 15, 5),7)
(57,14,Set(57, 47, 46, 36, 26, 25, 24, 14),7)
(57,46,Set(57, 47, 46),2)
(57,100,Set(57, 58, 59, 69, 79, 80, 90, 100),7)
(57,91,Set(57, 56, 55, 65, 75, 74, 73, 72, 71, 81, 91),10)
(57,73,Set(57, 56, 55, 65, 75, 74, 73),6)
(57,64,Set(57, 56, 55, 65, 64),4)
(57,55,Set(57, 56, 55),2)
(57,94,Set(57, 56, 55, 65, 75, 74, 84, 94),7)
(57,67,Set(57, 67),1)
(57,58,Set(57, 58),1)
(57,85,Set(57, 56, 55, 65, 75, 85),5)
(57,49,Set(57, 58, 59, 49),3)
(57,40,Set(57, 47, 37, 38, 39, 40),5)
(57,4,Set(57, 47, 46, 36, 26, 25, 24, 14, 4),8)
(57,13,Set(57, 47, 46, 36, 26, 25, 24, 23, 13),8)
(57,31,Set(57, 47, 46, 36, 35, 34, 33, 32, 31),8)
(57,76,Set(57, 56, 66, 76),3)
(57,97,Set(57, 67, 77, 87, 97),4)
(57,16,Set(57, 47, 46, 36, 26, 16),5)
(57,7,Set(57, 47, 37, 27, 17, 7),5)
(57,79,Set(57, 58, 59, 69, 79),4)
(57,70,Set(57, 58, 59, 69, 70),4)
(57,43,Set(57, 47, 46, 45, 44, 43),5)
(57,52,Set(57, 56, 55, 54, 53, 52),5)
(57,25,Set(57, 47, 46, 36, 26, 25),5)
(57,34,Set(57, 47, 46, 36, 35, 34),5)
(57,61,Set(57, 56, 55, 54, 53, 52, 51, 61),7)
(57,10,Set(57, 47, 37, 38, 28, 29, 19, 20, 10),8)
(57,37,Set(57, 47, 37),2)
(57,1,Set(57, 47, 46, 36, 26, 25, 24, 23, 13, 12, 11, 1),11)
(57,19,Set(57, 47, 37, 38, 28, 29, 19),6)
(57,28,Set(57, 47, 37, 38, 28),4)
(57,60,Set(57, 58, 59, 60),3)
(57,87,Set(57, 67, 77, 87),3)
(57,96,Set(57, 56, 66, 76, 86, 96),5)
(57,69,Set(57, 58, 59, 69),3)
(57,78,Set(57, 67, 77, 78),3)
(57,90,Set(57, 58, 59, 69, 79, 80, 90),6)
(57,99,Set(57, 58, 59, 69, 79, 89, 99),6)
(57,63,Set(57, 56, 55, 65, 64, 63),5)
(57,54,Set(57, 56, 55, 54),3)
(57,45,Set(57, 47, 46, 45),3)
(57,81,Set(57, 56, 55, 65, 75, 74, 73, 72, 71, 81),9)
(57,72,Set(57, 56, 55, 65, 75, 74, 73, 72),7)
(57,27,Set(57, 47, 37, 27),3)
(57,36,Set(57, 47, 46, 36),3)
(57,9,Set(57, 47, 37, 38, 28, 29, 19, 9),7)
(57,18,Set(57, 47, 37, 38, 28, 18),5)
(57,21,Set(57, 47, 46, 36, 35, 34, 33, 32, 31, 21),9)
(57,3,Set(57, 47, 46, 36, 26, 25, 24, 23, 13, 3),9)
(57,12,Set(57, 47, 46, 36, 26, 25, 24, 23, 13, 12),9)
(57,84,Set(57, 56, 55, 65, 75, 74, 84),6)
(57,93,Set(57, 56, 55, 65, 75, 74, 73, 83, 93),8)
(57,75,Set(57, 56, 55, 65, 75),4)
(57,30,Set(57, 47, 37, 38, 28, 29, 30),6)
(57,39,Set(57, 47, 37, 38, 39),4)
(57,66,Set(57, 56, 66),2)
(57,15,Set(57, 47, 46, 36, 26, 25, 15),6)
(57,51,Set(57, 56, 55, 54, 53, 52, 51),6)
(57,6,Set(57, 47, 46, 36, 26, 16, 6),6)
(57,24,Set(57, 47, 46, 36, 26, 25, 24),6)
(57,33,Set(57, 47, 46, 36, 35, 34, 33),6)
(58,92,Set(58, 57, 56, 55, 65, 75, 74, 73, 83, 93, 92),10)
(58,83,Set(58, 57, 56, 55, 65, 75, 74, 73, 83),8)
(58,23,Set(58, 57, 47, 46, 36, 26, 25, 24, 23),8)
(58,95,Set(58, 57, 56, 55, 65, 75, 85, 95),7)
(58,77,Set(58, 57, 67, 77),3)
(58,86,Set(58, 57, 56, 66, 76, 86),5)
(58,41,Set(58, 57, 56, 55, 54, 53, 52, 51, 41),8)
(58,32,Set(58, 57, 47, 46, 36, 35, 34, 33, 32),8)
(58,50,Set(58, 59, 49, 50),3)
(58,59,Set(58, 59),1)
(58,53,Set(58, 57, 56, 55, 54, 53),5)
(58,35,Set(58, 57, 47, 46, 36, 35),5)
(58,44,Set(58, 57, 47, 46, 45, 44),5)
(58,17,Set(58, 57, 47, 37, 27, 17),5)
(58,26,Set(58, 57, 47, 46, 36, 26),5)
(58,80,Set(58, 59, 69, 79, 80),4)
(58,89,Set(58, 59, 69, 79, 89),4)
(58,71,Set(58, 57, 56, 55, 65, 75, 74, 73, 72, 71),9)
(58,98,Set(58, 59, 69, 79, 89, 99, 98),6)
(58,11,Set(58, 57, 47, 46, 36, 26, 25, 24, 23, 13, 12, 11),11)
(58,74,Set(58, 57, 56, 55, 65, 75, 74),6)
(58,56,Set(58, 57, 56),2)
(58,47,Set(58, 57, 47),2)
(58,38,Set(58, 59, 49, 39, 38),4)
(58,29,Set(58, 59, 49, 39, 29),4)
(58,20,Set(58, 59, 49, 39, 29, 19, 20),6)
(58,65,Set(58, 57, 56, 55, 65),4)
(58,5,Set(58, 57, 47, 46, 36, 26, 25, 15, 5),8)
(58,14,Set(58, 57, 47, 46, 36, 26, 25, 24, 14),8)
(58,46,Set(58, 57, 47, 46),3)
(58,100,Set(58, 59, 69, 79, 80, 90, 100),6)
(58,91,Set(58, 57, 56, 55, 65, 75, 74, 73, 72, 71, 81, 91),11)
(58,73,Set(58, 57, 56, 55, 65, 75, 74, 73),7)
(58,55,Set(58, 57, 56, 55),3)
(58,64,Set(58, 57, 56, 55, 65, 64),5)
(58,94,Set(58, 57, 56, 55, 65, 75, 74, 84, 94),8)
(58,67,Set(58, 57, 67),2)
(58,85,Set(58, 57, 56, 55, 65, 75, 85),6)
(58,49,Set(58, 59, 49),2)
(58,40,Set(58, 59, 49, 39, 40),4)
(58,4,Set(58, 57, 47, 46, 36, 26, 25, 24, 14, 4),9)
(58,13,Set(58, 57, 47, 46, 36, 26, 25, 24, 23, 13),9)
(58,31,Set(58, 57, 47, 46, 36, 35, 34, 33, 32, 31),9)
(58,76,Set(58, 57, 56, 66, 76),4)
(58,16,Set(58, 57, 47, 46, 36, 26, 16),6)
(58,97,Set(58, 57, 67, 77, 87, 97),5)
(58,7,Set(58, 57, 47, 37, 27, 17, 7),6)
(58,79,Set(58, 59, 69, 79),3)
(58,52,Set(58, 57, 56, 55, 54, 53, 52),6)
(58,43,Set(58, 57, 47, 46, 45, 44, 43),6)
(58,70,Set(58, 59, 69, 70),3)
(58,25,Set(58, 57, 47, 46, 36, 26, 25),6)
(58,34,Set(58, 57, 47, 46, 36, 35, 34),6)
(58,61,Set(58, 57, 56, 55, 54, 53, 52, 51, 61),8)
(58,10,Set(58, 59, 49, 39, 29, 19, 20, 10),7)
(58,37,Set(58, 57, 47, 37),3)
(58,1,Set(58, 57, 47, 46, 36, 26, 25, 24, 23, 13, 12, 11, 1),12)
(58,28,Set(58, 59, 49, 39, 29, 28),5)
(58,19,Set(58, 59, 49, 39, 29, 19),5)
(58,60,Set(58, 59, 60),2)
(58,87,Set(58, 57, 67, 77, 87),4)
(58,96,Set(58, 57, 56, 66, 76, 86, 96),6)
(58,78,Set(58, 59, 69, 79, 78),4)
(58,69,Set(58, 59, 69),2)
(58,90,Set(58, 59, 69, 79, 80, 90),5)
(58,99,Set(58, 59, 69, 79, 89, 99),5)
(58,63,Set(58, 57, 56, 55, 65, 64, 63),6)
(58,54,Set(58, 57, 56, 55, 54),4)
(58,45,Set(58, 57, 47, 46, 45),4)
(58,81,Set(58, 57, 56, 55, 65, 75, 74, 73, 72, 71, 81),10)
(58,72,Set(58, 57, 56, 55, 65, 75, 74, 73, 72),8)
(58,27,Set(58, 57, 47, 37, 27),4)
(58,36,Set(58, 57, 47, 46, 36),4)
(58,9,Set(58, 59, 49, 39, 29, 19, 9),6)
(58,18,Set(58, 59, 49, 39, 29, 28, 18),6)
(58,21,Set(58, 57, 47, 46, 36, 35, 34, 33, 32, 31, 21),10)
(58,57,Set(58, 57),1)
(58,3,Set(58, 57, 47, 46, 36, 26, 25, 24, 23, 13, 3),10)
(58,12,Set(58, 57, 47, 46, 36, 26, 25, 24, 23, 13, 12),10)
(58,84,Set(58, 57, 56, 55, 65, 75, 74, 84),7)
(58,93,Set(58, 57, 56, 55, 65, 75, 74, 73, 83, 93),9)
(58,75,Set(58, 57, 56, 55, 65, 75),5)
(58,30,Set(58, 59, 49, 39, 29, 30),5)
(58,39,Set(58, 59, 49, 39),3)
(58,66,Set(58, 57, 56, 66),3)
(58,15,Set(58, 57, 47, 46, 36, 26, 25, 15),7)
(58,51,Set(58, 57, 56, 55, 54, 53, 52, 51),7)
(58,6,Set(58, 57, 47, 46, 36, 26, 16, 6),7)
(58,24,Set(58, 57, 47, 46, 36, 26, 25, 24),7)
(58,33,Set(58, 57, 47, 46, 36, 35, 34, 33),7)
(59,92,Set(59, 58, 57, 56, 55, 65, 75, 74, 73, 83, 93, 92),11)
(59,83,Set(59, 58, 57, 56, 55, 65, 75, 74, 73, 83),9)
(59,23,Set(59, 58, 57, 47, 46, 36, 26, 25, 24, 23),9)
(59,95,Set(59, 58, 57, 56, 55, 65, 75, 85, 95),8)
(59,77,Set(59, 58, 57, 67, 77),4)
(59,86,Set(59, 58, 57, 56, 66, 76, 86),6)
(59,41,Set(59, 58, 57, 56, 55, 54, 53, 52, 51, 41),9)
(59,32,Set(59, 58, 57, 47, 46, 36, 35, 34, 33, 32),9)
(59,50,Set(59, 49, 50),2)
(59,53,Set(59, 58, 57, 56, 55, 54, 53),6)
(59,17,Set(59, 58, 57, 47, 37, 27, 17),6)
(59,35,Set(59, 58, 57, 47, 46, 36, 35),6)
(59,44,Set(59, 58, 57, 47, 46, 45, 44),6)
(59,26,Set(59, 58, 57, 47, 46, 36, 26),6)
(59,89,Set(59, 69, 79, 89),3)
(59,80,Set(59, 69, 79, 80),3)
(59,71,Set(59, 58, 57, 56, 55, 65, 75, 74, 73, 72, 71),10)
(59,98,Set(59, 69, 79, 89, 99, 98),5)
(59,11,Set(59, 58, 57, 47, 46, 36, 26, 25, 24, 23, 13, 12, 11),12)
(59,74,Set(59, 58, 57, 56, 55, 65, 75, 74),7)
(59,56,Set(59, 58, 57, 56),3)
(59,47,Set(59, 58, 57, 47),3)
(59,38,Set(59, 49, 39, 38),3)
(59,29,Set(59, 49, 39, 29),3)
(59,20,Set(59, 49, 39, 29, 19, 20),5)
(59,65,Set(59, 58, 57, 56, 55, 65),5)
(59,5,Set(59, 58, 57, 47, 46, 36, 26, 25, 15, 5),9)
(59,14,Set(59, 58, 57, 47, 46, 36, 26, 25, 24, 14),9)
(59,46,Set(59, 58, 57, 47, 46),4)
(59,100,Set(59, 69, 79, 80, 90, 100),5)
(59,91,Set(59, 58, 57, 56, 55, 65, 75, 74, 73, 72, 71, 81, 91),12)
(59,73,Set(59, 58, 57, 56, 55, 65, 75, 74, 73),8)
(59,55,Set(59, 58, 57, 56, 55),4)
(59,64,Set(59, 58, 57, 56, 55, 65, 64),6)
(59,94,Set(59, 58, 57, 56, 55, 65, 75, 74, 84, 94),9)
(59,85,Set(59, 58, 57, 56, 55, 65, 75, 85),7)
(59,67,Set(59, 58, 57, 67),3)
(59,58,Set(59, 58),1)
(59,49,Set(59, 49),1)
(59,40,Set(59, 49, 39, 40),3)
(59,13,Set(59, 58, 57, 47, 46, 36, 26, 25, 24, 23, 13),10)
(59,4,Set(59, 58, 57, 47, 46, 36, 26, 25, 24, 14, 4),10)
(59,31,Set(59, 58, 57, 47, 46, 36, 35, 34, 33, 32, 31),10)
(59,76,Set(59, 58, 57, 56, 66, 76),5)
(59,16,Set(59, 58, 57, 47, 46, 36, 26, 16),7)
(59,97,Set(59, 58, 57, 67, 77, 87, 97),6)
(59,7,Set(59, 58, 57, 47, 37, 27, 17, 7),7)
(59,79,Set(59, 69, 79),2)
(59,52,Set(59, 58, 57, 56, 55, 54, 53, 52),7)
(59,43,Set(59, 58, 57, 47, 46, 45, 44, 43),7)
(59,70,Set(59, 69, 70),2)
(59,25,Set(59, 58, 57, 47, 46, 36, 26, 25),7)
(59,34,Set(59, 58, 57, 47, 46, 36, 35, 34),7)
(59,61,Set(59, 58, 57, 56, 55, 54, 53, 52, 51, 61),9)
(59,10,Set(59, 49, 39, 29, 19, 20, 10),6)
(59,37,Set(59, 58, 57, 47, 37),4)
(59,1,Set(59, 58, 57, 47, 46, 36, 26, 25, 24, 23, 13, 12, 11, 1),13)
(59,19,Set(59, 49, 39, 29, 19),4)
(59,28,Set(59, 49, 39, 29, 28),4)
(59,60,Set(59, 60),1)
(59,87,Set(59, 58, 57, 67, 77, 87),5)
(59,96,Set(59, 58, 57, 56, 66, 76, 86, 96),7)
(59,78,Set(59, 69, 79, 78),3)
(59,69,Set(59, 69),1)
(59,63,Set(59, 58, 57, 56, 55, 65, 64, 63),7)
(59,99,Set(59, 69, 79, 89, 99),4)
(59,90,Set(59, 69, 79, 80, 90),4)
(59,45,Set(59, 58, 57, 47, 46, 45),5)
(59,54,Set(59, 58, 57, 56, 55, 54),5)
(59,81,Set(59, 58, 57, 56, 55, 65, 75, 74, 73, 72, 71, 81),11)
(59,72,Set(59, 58, 57, 56, 55, 65, 75, 74, 73, 72),9)
(59,27,Set(59, 58, 57, 47, 37, 27),5)
(59,36,Set(59, 58, 57, 47, 46, 36),5)
(59,18,Set(59, 49, 39, 29, 28, 18),5)
(59,9,Set(59, 49, 39, 29, 19, 9),5)
(59,21,Set(59, 58, 57, 47, 46, 36, 35, 34, 33, 32, 31, 21),11)
(59,57,Set(59, 58, 57),2)
(59,12,Set(59, 58, 57, 47, 46, 36, 26, 25, 24, 23, 13, 12),11)
(59,3,Set(59, 58, 57, 47, 46, 36, 26, 25, 24, 23, 13, 3),11)
(59,84,Set(59, 58, 57, 56, 55, 65, 75, 74, 84),8)
(59,93,Set(59, 58, 57, 56, 55, 65, 75, 74, 73, 83, 93),10)
(59,75,Set(59, 58, 57, 56, 55, 65, 75),6)
(59,30,Set(59, 49, 39, 29, 30),4)
(59,39,Set(59, 49, 39),2)
(59,66,Set(59, 58, 57, 56, 66),4)
(59,15,Set(59, 58, 57, 47, 46, 36, 26, 25, 15),8)
(59,51,Set(59, 58, 57, 56, 55, 54, 53, 52, 51),8)
(59,33,Set(59, 58, 57, 47, 46, 36, 35, 34, 33),8)
(59,24,Set(59, 58, 57, 47, 46, 36, 26, 25, 24),8)
(59,6,Set(59, 58, 57, 47, 46, 36, 26, 16, 6),8)
(60,92,Set(60, 59, 58, 57, 56, 55, 65, 75, 74, 73, 83, 93, 92),12)
(60,83,Set(60, 59, 58, 57, 56, 55, 65, 75, 74, 73, 83),10)
(60,23,Set(60, 59, 58, 57, 47, 46, 36, 26, 25, 24, 23),10)
(60,95,Set(60, 59, 58, 57, 56, 55, 65, 75, 85, 95),9)
(60,77,Set(60, 59, 58, 57, 67, 77),5)
(60,86,Set(60, 59, 58, 57, 56, 66, 76, 86),7)
(60,41,Set(60, 59, 58, 57, 56, 55, 54, 53, 52, 51, 41),10)
(60,32,Set(60, 59, 58, 57, 47, 46, 36, 35, 34, 33, 32),10)
(60,50,Set(60, 50),1)
(60,59,Set(60, 59),1)
(60,53,Set(60, 59, 58, 57, 56, 55, 54, 53),7)
(60,17,Set(60, 59, 58, 57, 47, 37, 27, 17),7)
(60,35,Set(60, 59, 58, 57, 47, 46, 36, 35),7)
(60,44,Set(60, 59, 58, 57, 47, 46, 45, 44),7)
(60,26,Set(60, 59, 58, 57, 47, 46, 36, 26),7)
(60,89,Set(60, 59, 69, 79, 89),4)
(60,80,Set(60, 70, 80),2)
(60,71,Set(60, 59, 58, 57, 56, 55, 65, 75, 74, 73, 72, 71),11)
(60,98,Set(60, 59, 69, 79, 89, 99, 98),6)
(60,11,Set(60, 59, 58, 57, 47, 46, 36, 26, 25, 24, 23, 13, 12, 11),13)
(60,74,Set(60, 59, 58, 57, 56, 55, 65, 75, 74),8)
(60,56,Set(60, 59, 58, 57, 56),4)
(60,47,Set(60, 59, 58, 57, 47),4)
(60,29,Set(60, 59, 49, 39, 29),4)
(60,38,Set(60, 59, 49, 39, 38),4)
(60,20,Set(60, 50, 40, 30, 20),4)
(60,65,Set(60, 59, 58, 57, 56, 55, 65),6)
(60,5,Set(60, 59, 58, 57, 47, 46, 36, 26, 25, 15, 5),10)
(60,14,Set(60, 59, 58, 57, 47, 46, 36, 26, 25, 24, 14),10)
(60,46,Set(60, 59, 58, 57, 47, 46),5)
(60,100,Set(60, 70, 80, 90, 100),4)
(60,91,Set(60, 59, 58, 57, 56, 55, 65, 75, 74, 73, 72, 71, 81, 91),13)
(60,73,Set(60, 59, 58, 57, 56, 55, 65, 75, 74, 73),9)
(60,55,Set(60, 59, 58, 57, 56, 55),5)
(60,64,Set(60, 59, 58, 57, 56, 55, 65, 64),7)
(60,94,Set(60, 59, 58, 57, 56, 55, 65, 75, 74, 84, 94),10)
(60,85,Set(60, 59, 58, 57, 56, 55, 65, 75, 85),8)
(60,67,Set(60, 59, 58, 57, 67),4)
(60,58,Set(60, 59, 58),2)
(60,49,Set(60, 59, 49),2)
(60,40,Set(60, 50, 40),2)
(60,13,Set(60, 59, 58, 57, 47, 46, 36, 26, 25, 24, 23, 13),11)
(60,4,Set(60, 59, 58, 57, 47, 46, 36, 26, 25, 24, 14, 4),11)
(60,31,Set(60, 59, 58, 57, 47, 46, 36, 35, 34, 33, 32, 31),11)
(60,76,Set(60, 59, 58, 57, 56, 66, 76),6)
(60,16,Set(60, 59, 58, 57, 47, 46, 36, 26, 16),8)
(60,97,Set(60, 59, 58, 57, 67, 77, 87, 97),7)
(60,7,Set(60, 59, 58, 57, 47, 37, 27, 17, 7),8)
(60,79,Set(60, 59, 69, 79),3)
(60,52,Set(60, 59, 58, 57, 56, 55, 54, 53, 52),8)
(60,43,Set(60, 59, 58, 57, 47, 46, 45, 44, 43),8)
(60,70,Set(60, 70),1)
(60,25,Set(60, 59, 58, 57, 47, 46, 36, 26, 25),8)
(60,34,Set(60, 59, 58, 57, 47, 46, 36, 35, 34),8)
(60,61,Set(60, 59, 58, 57, 56, 55, 54, 53, 52, 51, 61),10)
(60,10,Set(60, 50, 40, 30, 20, 10),5)
(60,37,Set(60, 59, 58, 57, 47, 37),5)
(60,1,Set(60, 59, 58, 57, 47, 46, 36, 26, 25, 24, 23, 13, 12, 11, 1),14)
(60,28,Set(60, 59, 49, 39, 29, 28),5)
(60,19,Set(60, 59, 49, 39, 29, 19),5)
(60,87,Set(60, 59, 58, 57, 67, 77, 87),6)
(60,96,Set(60, 59, 58, 57, 56, 66, 76, 86, 96),8)
(60,78,Set(60, 59, 69, 79, 78),4)
(60,69,Set(60, 59, 69),2)
(60,63,Set(60, 59, 58, 57, 56, 55, 65, 64, 63),8)
(60,99,Set(60, 59, 69, 79, 89, 99),5)
(60,90,Set(60, 70, 80, 90),3)
(60,45,Set(60, 59, 58, 57, 47, 46, 45),6)
(60,54,Set(60, 59, 58, 57, 56, 55, 54),6)
(60,81,Set(60, 59, 58, 57, 56, 55, 65, 75, 74, 73, 72, 71, 81),12)
(60,72,Set(60, 59, 58, 57, 56, 55, 65, 75, 74, 73, 72),10)
(60,27,Set(60, 59, 58, 57, 47, 37, 27),6)
(60,36,Set(60, 59, 58, 57, 47, 46, 36),6)
(60,18,Set(60, 59, 49, 39, 29, 28, 18),6)
(60,9,Set(60, 59, 49, 39, 29, 19, 9),6)
(60,21,Set(60, 59, 58, 57, 47, 46, 36, 35, 34, 33, 32, 31, 21),12)
(60,57,Set(60, 59, 58, 57),3)
(60,12,Set(60, 59, 58, 57, 47, 46, 36, 26, 25, 24, 23, 13, 12),12)
(60,3,Set(60, 59, 58, 57, 47, 46, 36, 26, 25, 24, 23, 13, 3),12)
(60,84,Set(60, 59, 58, 57, 56, 55, 65, 75, 74, 84),9)
(60,93,Set(60, 59, 58, 57, 56, 55, 65, 75, 74, 73, 83, 93),11)
(60,75,Set(60, 59, 58, 57, 56, 55, 65, 75),7)
(60,30,Set(60, 50, 40, 30),3)
(60,39,Set(60, 59, 49, 39),3)
(60,66,Set(60, 59, 58, 57, 56, 66),5)
(60,15,Set(60, 59, 58, 57, 47, 46, 36, 26, 25, 15),9)
(60,51,Set(60, 59, 58, 57, 56, 55, 54, 53, 52, 51),9)
(60,33,Set(60, 59, 58, 57, 47, 46, 36, 35, 34, 33),9)
(60,24,Set(60, 59, 58, 57, 47, 46, 36, 26, 25, 24),9)
(60,6,Set(60, 59, 58, 57, 47, 46, 36, 26, 16, 6),9)
(61,92,Set(61, 71, 81, 91, 92),4)
(61,83,Set(61, 71, 72, 73, 83),4)
(61,23,Set(61, 51, 41, 31, 32, 33, 23),6)
(61,95,Set(61, 71, 72, 73, 83, 93, 94, 95),7)
(61,86,Set(61, 71, 72, 73, 83, 84, 85, 86),7)
(61,77,Set(61, 71, 72, 73, 74, 75, 76, 77),7)
(61,50,Set(61, 51, 52, 53, 54, 55, 56, 57, 58, 59, 49, 50),11)
(61,59,Set(61, 51, 52, 53, 54, 55, 56, 57, 58, 59),9)
(61,32,Set(61, 51, 41, 31, 32),4)
(61,41,Set(61, 51, 41),2)
(61,53,Set(61, 51, 52, 53),3)
(61,17,Set(61, 51, 41, 31, 21, 11, 12, 13, 14, 15, 16, 17),11)
(61,44,Set(61, 51, 52, 53, 43, 44),5)
(61,35,Set(61, 51, 41, 31, 32, 33, 34, 35),7)
(61,26,Set(61, 51, 41, 31, 32, 33, 23, 24, 25, 26),9)
(61,80,Set(61, 71, 72, 73, 74, 75, 76, 77, 78, 79, 80),10)
(61,89,Set(61, 71, 72, 73, 74, 75, 76, 77, 78, 79, 89),10)
(61,98,Set(61, 71, 72, 73, 83, 93, 94, 95, 96, 97, 98),10)
(61,71,Set(61, 71),1)
(61,11,Set(61, 51, 41, 31, 21, 11),5)
(61,74,Set(61, 71, 72, 73, 74),4)
(61,56,Set(61, 51, 52, 53, 54, 55, 56),6)
(61,29,Set(61, 51, 41, 31, 32, 33, 23, 24, 25, 26, 27, 28, 29),12)
(61,38,Set(61, 51, 41, 31, 32, 33, 34, 35, 36, 37, 38),10)
(61,47,Set(61, 51, 52, 53, 43, 44, 45, 46, 47),8)
(61,20,Set(61, 51, 41, 31, 21, 11, 12, 13, 14, 15, 16, 17, 18, 19, 20),14)
(61,65,Set(61, 71, 72, 73, 74, 75, 65),6)
(61,5,Set(61, 51, 41, 31, 21, 11, 12, 13, 14, 4, 5),10)
(61,14,Set(61, 51, 41, 31, 21, 11, 12, 13, 14),8)
(61,46,Set(61, 51, 52, 53, 43, 44, 45, 46),7)
(61,100,Set(61, 71, 72, 73, 83, 93, 94, 95, 96, 97, 98, 99, 100),12)
(61,91,Set(61, 71, 81, 91),3)
(61,55,Set(61, 51, 52, 53, 54, 55),5)
(61,64,Set(61, 71, 72, 73, 74, 64),5)
(61,73,Set(61, 71, 72, 73),3)
(61,58,Set(61, 51, 52, 53, 54, 55, 56, 57, 58),8)
(61,94,Set(61, 71, 72, 73, 83, 93, 94),6)
(61,85,Set(61, 71, 72, 73, 83, 84, 85),6)
(61,67,Set(61, 71, 72, 73, 74, 75, 65, 66, 67),8)
(61,40,Set(61, 51, 41, 31, 32, 33, 34, 35, 36, 37, 38, 39, 40),12)
(61,49,Set(61, 51, 52, 53, 54, 55, 56, 57, 58, 59, 49),10)
(61,4,Set(61, 51, 41, 31, 21, 11, 12, 13, 14, 4),9)
(61,13,Set(61, 51, 41, 31, 21, 11, 12, 13),7)
(61,31,Set(61, 51, 41, 31),3)
(61,76,Set(61, 71, 72, 73, 74, 75, 76),6)
(61,16,Set(61, 51, 41, 31, 21, 11, 12, 13, 14, 15, 16),10)
(61,97,Set(61, 71, 72, 73, 83, 93, 94, 95, 96, 97),9)
(61,7,Set(61, 51, 41, 31, 21, 11, 12, 13, 14, 4, 5, 6, 7),12)
(61,79,Set(61, 71, 72, 73, 74, 75, 76, 77, 78, 79),9)
(61,70,Set(61, 71, 72, 73, 74, 75, 76, 77, 78, 79, 80, 70),11)
(61,52,Set(61, 51, 52),2)
(61,43,Set(61, 51, 52, 53, 43),4)
(61,25,Set(61, 51, 41, 31, 32, 33, 23, 24, 25),8)
(61,34,Set(61, 51, 41, 31, 32, 33, 34),6)
(61,10,Set(61, 51, 41, 31, 21, 11, 12, 13, 14, 15, 16, 17, 18, 19, 20, 10),15)
(61,37,Set(61, 51, 41, 31, 32, 33, 34, 35, 36, 37),9)
(61,1,Set(61, 51, 41, 31, 21, 11, 1),6)
(61,19,Set(61, 51, 41, 31, 21, 11, 12, 13, 14, 15, 16, 17, 18, 19),13)
(61,28,Set(61, 51, 41, 31, 32, 33, 23, 24, 25, 26, 27, 28),11)
(61,60,Set(61, 51, 52, 53, 54, 55, 56, 57, 58, 59, 60),10)
(61,87,Set(61, 71, 72, 73, 83, 84, 85, 86, 87),8)
(61,96,Set(61, 71, 72, 73, 83, 93, 94, 95, 96),8)
(61,69,Set(61, 71, 72, 73, 74, 75, 76, 77, 78, 79, 69),10)
(61,78,Set(61, 71, 72, 73, 74, 75, 76, 77, 78),8)
(61,90,Set(61, 71, 72, 73, 74, 75, 76, 77, 78, 79, 80, 90),11)
(61,99,Set(61, 71, 72, 73, 83, 93, 94, 95, 96, 97, 98, 99),11)
(61,63,Set(61, 71, 72, 73, 63),4)
(61,54,Set(61, 51, 52, 53, 54),4)
(61,45,Set(61, 51, 52, 53, 43, 44, 45),6)
(61,81,Set(61, 71, 81),2)
(61,72,Set(61, 71, 72),2)
(61,27,Set(61, 51, 41, 31, 32, 33, 23, 24, 25, 26, 27),10)
(61,36,Set(61, 51, 41, 31, 32, 33, 34, 35, 36),8)
(61,9,Set(61, 51, 41, 31, 21, 11, 12, 13, 14, 15, 16, 17, 18, 19, 9),14)
(61,18,Set(61, 51, 41, 31, 21, 11, 12, 13, 14, 15, 16, 17, 18),12)
(61,21,Set(61, 51, 41, 31, 21),4)
(61,57,Set(61, 51, 52, 53, 54, 55, 56, 57),7)
(61,3,Set(61, 51, 41, 31, 21, 11, 12, 13, 3),8)
(61,84,Set(61, 71, 72, 73, 83, 84),5)
(61,12,Set(61, 51, 41, 31, 21, 11, 12),6)
(61,93,Set(61, 71, 72, 73, 83, 93),5)
(61,75,Set(61, 71, 72, 73, 74, 75),5)
(61,30,Set(61, 51, 41, 31, 32, 33, 23, 24, 25, 26, 27, 28, 29, 30),13)
(61,39,Set(61, 51, 41, 31, 32, 33, 34, 35, 36, 37, 38, 39),11)
(61,66,Set(61, 71, 72, 73, 74, 75, 65, 66),7)
(61,15,Set(61, 51, 41, 31, 21, 11, 12, 13, 14, 15),9)
(61,51,Set(61, 51),1)
(61,6,Set(61, 51, 41, 31, 21, 11, 12, 13, 14, 4, 5, 6),11)
(61,33,Set(61, 51, 41, 31, 32, 33),5)
(61,24,Set(61, 51, 41, 31, 32, 33, 23, 24),7)
(63,92,Set(63, 73, 83, 93, 92),4)
(63,83,Set(63, 73, 83),2)
(63,23,Set(63, 53, 43, 33, 23),4)
(63,95,Set(63, 73, 83, 93, 94, 95),5)
(63,86,Set(63, 73, 83, 84, 85, 86),5)
(63,77,Set(63, 73, 74, 75, 76, 77),5)
(63,50,Set(63, 53, 54, 55, 56, 57, 58, 59, 49, 50),9)
(63,59,Set(63, 53, 54, 55, 56, 57, 58, 59),7)
(63,41,Set(63, 53, 52, 51, 41),4)
(63,32,Set(63, 53, 43, 33, 32),4)
(63,53,Set(63, 53),1)
(63,17,Set(63, 53, 43, 44, 34, 24, 14, 15, 16, 17),9)
(63,44,Set(63, 53, 43, 44),3)
(63,35,Set(63, 53, 43, 44, 34, 35),5)
(63,26,Set(63, 53, 43, 44, 34, 24, 25, 26),7)
(63,80,Set(63, 73, 74, 75, 76, 77, 78, 79, 80),8)
(63,89,Set(63, 73, 74, 75, 76, 77, 78, 79, 89),8)
(63,98,Set(63, 73, 83, 93, 94, 95, 96, 97, 98),8)
(63,71,Set(63, 73, 72, 71),3)
(63,11,Set(63, 53, 43, 33, 23, 13, 12, 11),7)
(63,74,Set(63, 73, 74),2)
(63,56,Set(63, 53, 54, 55, 56),4)
(63,29,Set(63, 53, 43, 44, 34, 24, 25, 26, 27, 28, 29),10)
(63,38,Set(63, 53, 43, 44, 34, 35, 36, 37, 38),8)
(63,47,Set(63, 53, 43, 44, 45, 46, 47),6)
(63,20,Set(63, 53, 43, 44, 34, 24, 14, 15, 16, 17, 18, 19, 20),12)
(63,65,Set(63, 64, 65),2)
(63,5,Set(63, 53, 43, 44, 34, 24, 14, 4, 5),8)
(63,14,Set(63, 53, 43, 44, 34, 24, 14),6)
(63,46,Set(63, 53, 43, 44, 45, 46),5)
(63,100,Set(63, 73, 83, 93, 94, 95, 96, 97, 98, 99, 100),10)
(63,91,Set(63, 73, 72, 71, 81, 91),5)
(63,64,Set(63, 64),1)
(63,73,Set(63, 73),1)
(63,55,Set(63, 53, 54, 55),3)
(63,94,Set(63, 73, 83, 93, 94),4)
(63,85,Set(63, 73, 83, 84, 85),4)
(63,67,Set(63, 64, 65, 66, 67),4)
(63,58,Set(63, 53, 54, 55, 56, 57, 58),6)
(63,40,Set(63, 53, 43, 44, 34, 35, 36, 37, 38, 39, 40),10)
(63,49,Set(63, 53, 54, 55, 56, 57, 58, 59, 49),8)
(63,4,Set(63, 53, 43, 44, 34, 24, 14, 4),7)
(63,13,Set(63, 53, 43, 33, 23, 13),5)
(63,76,Set(63, 73, 74, 75, 76),4)
(63,31,Set(63, 53, 43, 33, 32, 31),5)
(63,16,Set(63, 53, 43, 44, 34, 24, 14, 15, 16),8)
(63,97,Set(63, 73, 83, 93, 94, 95, 96, 97),7)
(63,7,Set(63, 53, 43, 44, 34, 24, 14, 4, 5, 6, 7),10)
(63,79,Set(63, 73, 74, 75, 76, 77, 78, 79),7)
(63,70,Set(63, 73, 74, 75, 76, 77, 78, 79, 80, 70),9)
(63,52,Set(63, 53, 52),2)
(63,43,Set(63, 53, 43),2)
(63,25,Set(63, 53, 43, 44, 34, 24, 25),6)
(63,34,Set(63, 53, 43, 44, 34),4)
(63,61,Set(63, 73, 72, 71, 61),4)
(63,10,Set(63, 53, 43, 44, 34, 24, 14, 15, 16, 17, 18, 19, 20, 10),13)
(63,37,Set(63, 53, 43, 44, 34, 35, 36, 37),7)
(63,1,Set(63, 53, 43, 33, 23, 13, 12, 11, 1),8)
(63,19,Set(63, 53, 43, 44, 34, 24, 14, 15, 16, 17, 18, 19),11)
(63,28,Set(63, 53, 43, 44, 34, 24, 25, 26, 27, 28),9)
(63,60,Set(63, 53, 54, 55, 56, 57, 58, 59, 60),8)
(63,87,Set(63, 73, 83, 84, 85, 86, 87),6)
(63,96,Set(63, 73, 83, 93, 94, 95, 96),6)
(63,69,Set(63, 73, 74, 75, 76, 77, 78, 79, 69),8)
(63,78,Set(63, 73, 74, 75, 76, 77, 78),6)
(63,90,Set(63, 73, 74, 75, 76, 77, 78, 79, 80, 90),9)
(63,99,Set(63, 73, 83, 93, 94, 95, 96, 97, 98, 99),9)
(63,45,Set(63, 53, 43, 44, 45),4)
(63,54,Set(63, 53, 54),2)
(63,72,Set(63, 73, 72),2)
(63,81,Set(63, 73, 72, 71, 81),4)
(63,27,Set(63, 53, 43, 44, 34, 24, 25, 26, 27),8)
(63,36,Set(63, 53, 43, 44, 34, 35, 36),6)
(63,9,Set(63, 53, 43, 44, 34, 24, 14, 15, 16, 17, 18, 19, 9),12)
(63,18,Set(63, 53, 43, 44, 34, 24, 14, 15, 16, 17, 18),10)
(63,21,Set(63, 53, 43, 33, 32, 31, 21),6)
(63,57,Set(63, 53, 54, 55, 56, 57),5)
(63,3,Set(63, 53, 43, 33, 23, 13, 3),6)
(63,12,Set(63, 53, 43, 33, 23, 13, 12),6)
(63,84,Set(63, 73, 83, 84),3)
(63,93,Set(63, 73, 83, 93),3)
(63,75,Set(63, 73, 74, 75),3)
(63,30,Set(63, 53, 43, 44, 34, 24, 25, 26, 27, 28, 29, 30),11)
(63,39,Set(63, 53, 43, 44, 34, 35, 36, 37, 38, 39),9)
(63,66,Set(63, 64, 65, 66),3)
(63,15,Set(63, 53, 43, 44, 34, 24, 14, 15),7)
(63,51,Set(63, 53, 52, 51),3)
(63,6,Set(63, 53, 43, 44, 34, 24, 14, 4, 5, 6),9)
(63,33,Set(63, 53, 43, 33),3)
(63,24,Set(63, 53, 43, 44, 34, 24),5)
(64,92,Set(64, 74, 73, 83, 93, 92),5)
(64,83,Set(64, 74, 73, 83),3)
(64,95,Set(64, 65, 75, 85, 95),4)
(64,23,Set(64, 54, 44, 43, 33, 23),5)
(64,86,Set(64, 65, 75, 76, 86),4)
(64,77,Set(64, 65, 75, 76, 77),4)
(64,50,Set(64, 65, 55, 56, 57, 58, 59, 49, 50),8)
(64,59,Set(64, 65, 55, 56, 57, 58, 59),6)
(64,41,Set(64, 54, 53, 52, 51, 41),5)
(64,32,Set(64, 54, 44, 43, 33, 32),5)
(64,53,Set(64, 54, 53),2)
(64,17,Set(64, 65, 55, 56, 57, 47, 37, 27, 17),8)
(64,44,Set(64, 54, 44),2)
(64,35,Set(64, 65, 55, 45, 35),4)
(64,26,Set(64, 65, 55, 56, 46, 36, 26),6)
(64,80,Set(64, 65, 75, 76, 77, 78, 79, 80),7)
(64,89,Set(64, 65, 75, 76, 77, 78, 79, 89),7)
(64,98,Set(64, 65, 75, 76, 77, 87, 97, 98),7)
(64,71,Set(64, 74, 73, 72, 71),4)
(64,11,Set(64, 54, 44, 43, 33, 23, 13, 12, 11),8)
(64,74,Set(64, 74),1)
(64,56,Set(64, 65, 55, 56),3)
(64,29,Set(64, 65, 55, 56, 57, 47, 37, 38, 28, 29),9)
(64,38,Set(64, 65, 55, 56, 57, 47, 37, 38),7)
(64,47,Set(64, 65, 55, 56, 57, 47),5)
(64,20,Set(64, 65, 55, 56, 57, 47, 37, 38, 28, 29, 19, 20),11)
(64,65,Set(64, 65),1)
(64,5,Set(64, 65, 55, 45, 35, 25, 15, 5),7)
(64,14,Set(64, 54, 44, 34, 24, 14),5)
(64,46,Set(64, 65, 55, 56, 46),4)
(64,100,Set(64, 65, 75, 76, 77, 87, 97, 98, 99, 100),9)
(64,91,Set(64, 74, 73, 72, 71, 81, 91),6)
(64,73,Set(64, 74, 73),2)
(64,55,Set(64, 65, 55),2)
(64,67,Set(64, 65, 66, 67),3)
(64,94,Set(64, 74, 84, 94),3)
(64,85,Set(64, 65, 75, 85),3)
(64,58,Set(64, 65, 55, 56, 57, 58),5)
(64,40,Set(64, 65, 55, 56, 57, 47, 37, 38, 39, 40),9)
(64,49,Set(64, 65, 55, 56, 57, 58, 59, 49),7)
(64,4,Set(64, 54, 44, 34, 24, 14, 4),6)
(64,13,Set(64, 54, 44, 43, 33, 23, 13),6)
(64,76,Set(64, 65, 75, 76),3)
(64,31,Set(64, 54, 44, 43, 33, 32, 31),6)
(64,16,Set(64, 65, 55, 56, 46, 36, 26, 16),7)
(64,97,Set(64, 65, 75, 76, 77, 87, 97),6)
(64,7,Set(64, 65, 55, 56, 57, 47, 37, 27, 17, 7),9)
(64,79,Set(64, 65, 75, 76, 77, 78, 79),6)
(64,70,Set(64, 65, 55, 56, 57, 58, 59, 69, 70),8)
(64,52,Set(64, 54, 53, 52),3)
(64,43,Set(64, 54, 44, 43),3)
(64,25,Set(64, 65, 55, 45, 35, 25),5)
(64,34,Set(64, 54, 44, 34),3)
(64,61,Set(64, 54, 53, 52, 51, 61),5)
(64,10,Set(64, 65, 55, 56, 57, 47, 37, 38, 28, 29, 19, 20, 10),12)
(64,37,Set(64, 65, 55, 56, 57, 47, 37),6)
(64,1,Set(64, 54, 44, 43, 33, 23, 13, 12, 11, 1),9)
(64,19,Set(64, 65, 55, 56, 57, 47, 37, 38, 28, 29, 19),10)
(64,28,Set(64, 65, 55, 56, 57, 47, 37, 38, 28),8)
(64,60,Set(64, 65, 55, 56, 57, 58, 59, 60),7)
(64,87,Set(64, 65, 75, 76, 77, 87),5)
(64,96,Set(64, 65, 75, 76, 86, 96),5)
(64,69,Set(64, 65, 55, 56, 57, 58, 59, 69),7)
(64,78,Set(64, 65, 75, 76, 77, 78),5)
(64,90,Set(64, 65, 75, 76, 77, 78, 79, 80, 90),8)
(64,99,Set(64, 65, 75, 76, 77, 87, 97, 98, 99),8)
(64,63,Set(64, 63),1)
(64,45,Set(64, 65, 55, 45),3)
(64,54,Set(64, 54),1)
(64,72,Set(64, 74, 73, 72),3)
(64,81,Set(64, 74, 73, 72, 71, 81),5)
(64,27,Set(64, 65, 55, 56, 57, 47, 37, 27),7)
(64,36,Set(64, 65, 55, 56, 46, 36),5)
(64,9,Set(64, 65, 55, 56, 57, 47, 37, 38, 28, 29, 19, 9),11)
(64,18,Set(64, 65, 55, 56, 57, 47, 37, 38, 28, 18),9)
(64,21,Set(64, 54, 44, 43, 33, 32, 31, 21),7)
(64,57,Set(64, 65, 55, 56, 57),4)
(64,3,Set(64, 54, 44, 43, 33, 23, 13, 3),7)
(64,12,Set(64, 54, 44, 43, 33, 23, 13, 12),7)
(64,84,Set(64, 74, 84),2)
(64,93,Set(64, 74, 73, 83, 93),4)
(64,75,Set(64, 65, 75),2)
(64,30,Set(64, 65, 55, 56, 57, 47, 37, 38, 28, 29, 30),10)
(64,39,Set(64, 65, 55, 56, 57, 47, 37, 38, 39),8)
(64,66,Set(64, 65, 66),2)
(64,15,Set(64, 65, 55, 45, 35, 25, 15),6)
(64,51,Set(64, 54, 53, 52, 51),4)
(64,6,Set(64, 65, 55, 56, 46, 36, 26, 16, 6),8)
(64,33,Set(64, 54, 44, 43, 33),4)
(64,24,Set(64, 54, 44, 34, 24),4)
(65,92,Set(65, 75, 74, 73, 83, 93, 92),6)
(65,83,Set(65, 75, 74, 73, 83),4)
(65,23,Set(65, 55, 54, 44, 43, 33, 23),6)
(65,95,Set(65, 75, 85, 95),3)
(65,86,Set(65, 75, 76, 86),3)
(65,77,Set(65, 75, 76, 77),3)
(65,50,Set(65, 55, 56, 57, 58, 59, 49, 50),7)
(65,32,Set(65, 55, 54, 44, 43, 33, 32),6)
(65,41,Set(65, 55, 54, 53, 52, 51, 41),6)
(65,59,Set(65, 55, 56, 57, 58, 59),5)
(65,53,Set(65, 55, 54, 53),3)
(65,17,Set(65, 55, 56, 57, 47, 37, 27, 17),7)
(65,35,Set(65, 55, 45, 35),3)
(65,44,Set(65, 55, 54, 44),3)
(65,26,Set(65, 55, 56, 46, 36, 26),5)
(65,80,Set(65, 75, 76, 77, 78, 79, 80),6)
(65,89,Set(65, 75, 76, 77, 78, 79, 89),6)
(65,98,Set(65, 75, 76, 77, 87, 97, 98),6)
(65,71,Set(65, 75, 74, 73, 72, 71),5)
(65,11,Set(65, 55, 54, 44, 43, 33, 23, 13, 12, 11),9)
(65,74,Set(65, 75, 74),2)
(65,56,Set(65, 55, 56),2)
(65,29,Set(65, 55, 56, 57, 47, 37, 38, 28, 29),8)
(65,38,Set(65, 55, 56, 57, 47, 37, 38),6)
(65,47,Set(65, 55, 56, 57, 47),4)
(65,20,Set(65, 55, 56, 57, 47, 37, 38, 28, 29, 19, 20),10)
(65,5,Set(65, 55, 45, 35, 25, 15, 5),6)
(65,14,Set(65, 55, 54, 44, 34, 24, 14),6)
(65,46,Set(65, 55, 56, 46),3)
(65,100,Set(65, 75, 76, 77, 87, 97, 98, 99, 100),8)
(65,91,Set(65, 75, 74, 73, 72, 71, 81, 91),7)
(65,73,Set(65, 75, 74, 73),3)
(65,64,Set(65, 64),1)
(65,55,Set(65, 55),1)
(65,58,Set(65, 55, 56, 57, 58),4)
(65,67,Set(65, 66, 67),2)
(65,85,Set(65, 75, 85),2)
(65,94,Set(65, 75, 74, 84, 94),4)
(65,40,Set(65, 55, 56, 57, 47, 37, 38, 39, 40),8)
(65,49,Set(65, 55, 56, 57, 58, 59, 49),6)
(65,4,Set(65, 55, 54, 44, 34, 24, 14, 4),7)
(65,13,Set(65, 55, 54, 44, 43, 33, 23, 13),7)
(65,31,Set(65, 55, 54, 44, 43, 33, 32, 31),7)
(65,76,Set(65, 75, 76),2)
(65,16,Set(65, 55, 56, 46, 36, 26, 16),6)
(65,97,Set(65, 75, 76, 77, 87, 97),5)
(65,7,Set(65, 55, 56, 57, 47, 37, 27, 17, 7),8)
(65,79,Set(65, 75, 76, 77, 78, 79),5)
(65,70,Set(65, 55, 56, 57, 58, 59, 69, 70),7)
(65,52,Set(65, 55, 54, 53, 52),4)
(65,43,Set(65, 55, 54, 44, 43),4)
(65,25,Set(65, 55, 45, 35, 25),4)
(65,34,Set(65, 55, 54, 44, 34),4)
(65,61,Set(65, 55, 54, 53, 52, 51, 61),6)
(65,10,Set(65, 55, 56, 57, 47, 37, 38, 28, 29, 19, 20, 10),11)
(65,37,Set(65, 55, 56, 57, 47, 37),5)
(65,1,Set(65, 55, 54, 44, 43, 33, 23, 13, 12, 11, 1),10)
(65,19,Set(65, 55, 56, 57, 47, 37, 38, 28, 29, 19),9)
(65,28,Set(65, 55, 56, 57, 47, 37, 38, 28),7)
(65,60,Set(65, 55, 56, 57, 58, 59, 60),6)
(65,87,Set(65, 75, 76, 77, 87),4)
(65,96,Set(65, 75, 76, 86, 96),4)
(65,78,Set(65, 75, 76, 77, 78),4)
(65,69,Set(65, 55, 56, 57, 58, 59, 69),6)
(65,90,Set(65, 75, 76, 77, 78, 79, 80, 90),7)
(65,99,Set(65, 75, 76, 77, 87, 97, 98, 99),7)
(65,63,Set(65, 64, 63),2)
(65,54,Set(65, 55, 54),2)
(65,45,Set(65, 55, 45),2)
(65,81,Set(65, 75, 74, 73, 72, 71, 81),6)
(65,72,Set(65, 75, 74, 73, 72),4)
(65,27,Set(65, 55, 56, 57, 47, 37, 27),6)
(65,36,Set(65, 55, 56, 46, 36),4)
(65,9,Set(65, 55, 56, 57, 47, 37, 38, 28, 29, 19, 9),10)
(65,18,Set(65, 55, 56, 57, 47, 37, 38, 28, 18),8)
(65,21,Set(65, 55, 54, 44, 43, 33, 32, 31, 21),8)
(65,57,Set(65, 55, 56, 57),3)
(65,3,Set(65, 55, 54, 44, 43, 33, 23, 13, 3),8)
(65,12,Set(65, 55, 54, 44, 43, 33, 23, 13, 12),8)
(65,84,Set(65, 75, 74, 84),3)
(65,93,Set(65, 75, 74, 73, 83, 93),5)
(65,75,Set(65, 75),1)
(65,30,Set(65, 55, 56, 57, 47, 37, 38, 28, 29, 30),9)
(65,39,Set(65, 55, 56, 57, 47, 37, 38, 39),7)
(65,66,Set(65, 66),1)
(65,15,Set(65, 55, 45, 35, 25, 15),5)
(65,51,Set(65, 55, 54, 53, 52, 51),5)
(65,6,Set(65, 55, 56, 46, 36, 26, 16, 6),7)
(65,33,Set(65, 55, 54, 44, 43, 33),5)
(65,24,Set(65, 55, 54, 44, 34, 24),5)
(66,92,Set(66, 65, 75, 74, 73, 83, 93, 92),7)
(66,83,Set(66, 65, 75, 74, 73, 83),5)
(66,23,Set(66, 65, 55, 54, 44, 43, 33, 23),7)
(66,95,Set(66, 65, 75, 85, 95),4)
(66,77,Set(66, 76, 77),2)
(66,86,Set(66, 76, 86),2)
(66,41,Set(66, 65, 55, 54, 53, 52, 51, 41),7)
(66,32,Set(66, 65, 55, 54, 44, 43, 33, 32),7)
(66,50,Set(66, 56, 57, 58, 59, 49, 50),6)
(66,59,Set(66, 56, 57, 58, 59),4)
(66,53,Set(66, 65, 55, 54, 53),4)
(66,17,Set(66, 56, 57, 47, 37, 27, 17),6)
(66,35,Set(66, 65, 55, 45, 35),4)
(66,44,Set(66, 65, 55, 54, 44),4)
(66,26,Set(66, 56, 46, 36, 26),4)
(66,89,Set(66, 76, 77, 78, 79, 89),5)
(66,80,Set(66, 76, 77, 78, 79, 80),5)
(66,71,Set(66, 65, 75, 74, 73, 72, 71),6)
(66,98,Set(66, 76, 77, 87, 97, 98),5)
(66,11,Set(66, 65, 55, 54, 44, 43, 33, 23, 13, 12, 11),10)
(66,74,Set(66, 65, 75, 74),3)
(66,56,Set(66, 56),1)
(66,29,Set(66, 56, 57, 47, 37, 38, 28, 29),7)
(66,47,Set(66, 56, 57, 47),3)
(66,38,Set(66, 56, 57, 47, 37, 38),5)
(66,20,Set(66, 56, 57, 47, 37, 38, 28, 29, 19, 20),9)
(66,65,Set(66, 65),1)
(66,5,Set(66, 65, 55, 45, 35, 25, 15, 5),7)
(66,14,Set(66, 65, 55, 54, 44, 34, 24, 14),7)
(66,46,Set(66, 56, 46),2)
(66,100,Set(66, 76, 77, 87, 97, 98, 99, 100),7)
(66,91,Set(66, 65, 75, 74, 73, 72, 71, 81, 91),8)
(66,55,Set(66, 65, 55),2)
(66,64,Set(66, 65, 64),2)
(66,73,Set(66, 65, 75, 74, 73),4)
(66,85,Set(66, 65, 75, 85),3)
(66,67,Set(66, 67),1)
(66,58,Set(66, 56, 57, 58),3)
(66,94,Set(66, 65, 75, 74, 84, 94),5)
(66,40,Set(66, 56, 57, 47, 37, 38, 39, 40),7)
(66,49,Set(66, 56, 57, 58, 59, 49),5)
(66,4,Set(66, 65, 55, 54, 44, 34, 24, 14, 4),8)
(66,13,Set(66, 65, 55, 54, 44, 43, 33, 23, 13),8)
(66,31,Set(66, 65, 55, 54, 44, 43, 33, 32, 31),8)
(66,76,Set(66, 76),1)
(66,97,Set(66, 76, 77, 87, 97),4)
(66,16,Set(66, 56, 46, 36, 26, 16),5)
(66,7,Set(66, 56, 57, 47, 37, 27, 17, 7),7)
(66,79,Set(66, 76, 77, 78, 79),4)
(66,70,Set(66, 76, 77, 78, 79, 80, 70),6)
(66,43,Set(66, 65, 55, 54, 44, 43),5)
(66,52,Set(66, 65, 55, 54, 53, 52),5)
(66,25,Set(66, 65, 55, 45, 35, 25),5)
(66,34,Set(66, 65, 55, 54, 44, 34),5)
(66,61,Set(66, 65, 55, 54, 53, 52, 51, 61),7)
(66,10,Set(66, 56, 57, 47, 37, 38, 28, 29, 19, 20, 10),10)
(66,37,Set(66, 56, 57, 47, 37),4)
(66,1,Set(66, 65, 55, 54, 44, 43, 33, 23, 13, 12, 11, 1),11)
(66,19,Set(66, 56, 57, 47, 37, 38, 28, 29, 19),8)
(66,28,Set(66, 56, 57, 47, 37, 38, 28),6)
(66,60,Set(66, 56, 57, 58, 59, 60),5)
(66,87,Set(66, 76, 77, 87),3)
(66,96,Set(66, 76, 86, 96),3)
(66,78,Set(66, 76, 77, 78),3)
(66,69,Set(66, 76, 77, 78, 79, 69),5)
(66,90,Set(66, 76, 77, 78, 79, 80, 90),6)
(66,99,Set(66, 76, 77, 87, 97, 98, 99),6)
(66,63,Set(66, 65, 64, 63),3)
(66,54,Set(66, 65, 55, 54),3)
(66,45,Set(66, 65, 55, 45),3)
(66,81,Set(66, 65, 75, 74, 73, 72, 71, 81),7)
(66,72,Set(66, 65, 75, 74, 73, 72),5)
(66,36,Set(66, 56, 46, 36),3)
(66,27,Set(66, 56, 57, 47, 37, 27),5)
(66,9,Set(66, 56, 57, 47, 37, 38, 28, 29, 19, 9),9)
(66,18,Set(66, 56, 57, 47, 37, 38, 28, 18),7)
(66,21,Set(66, 65, 55, 54, 44, 43, 33, 32, 31, 21),9)
(66,57,Set(66, 56, 57),2)
(66,3,Set(66, 65, 55, 54, 44, 43, 33, 23, 13, 3),9)
(66,12,Set(66, 65, 55, 54, 44, 43, 33, 23, 13, 12),9)
(66,84,Set(66, 65, 75, 74, 84),4)
(66,93,Set(66, 65, 75, 74, 73, 83, 93),6)
(66,75,Set(66, 65, 75),2)
(66,30,Set(66, 56, 57, 47, 37, 38, 28, 29, 30),8)
(66,39,Set(66, 56, 57, 47, 37, 38, 39),6)
(66,15,Set(66, 65, 55, 45, 35, 25, 15),6)
(66,51,Set(66, 65, 55, 54, 53, 52, 51),6)
(66,6,Set(66, 56, 46, 36, 26, 16, 6),6)
(66,24,Set(66, 65, 55, 54, 44, 34, 24),6)
(66,33,Set(66, 65, 55, 54, 44, 43, 33),6)
(67,92,Set(67, 77, 76, 75, 74, 73, 83, 93, 92),8)
(67,83,Set(67, 77, 76, 75, 74, 73, 83),6)
(67,23,Set(67, 57, 47, 46, 36, 26, 25, 24, 23),8)
(67,95,Set(67, 77, 76, 75, 85, 95),5)
(67,77,Set(67, 77),1)
(67,86,Set(67, 77, 76, 86),3)
(67,41,Set(67, 57, 56, 55, 54, 53, 52, 51, 41),8)
(67,32,Set(67, 57, 47, 46, 36, 35, 34, 33, 32),8)
(67,59,Set(67, 57, 58, 59),3)
(67,50,Set(67, 57, 58, 59, 49, 50),5)
(67,53,Set(67, 57, 56, 55, 54, 53),5)
(67,35,Set(67, 57, 47, 46, 36, 35),5)
(67,44,Set(67, 57, 47, 46, 45, 44),5)
(67,17,Set(67, 57, 47, 37, 27, 17),5)
(67,26,Set(67, 57, 47, 46, 36, 26),5)
(67,89,Set(67, 77, 78, 79, 89),4)
(67,80,Set(67, 77, 78, 79, 80),4)
(67,71,Set(67, 77, 76, 75, 74, 73, 72, 71),7)
(67,98,Set(67, 77, 87, 97, 98),4)
(67,11,Set(67, 57, 47, 46, 36, 26, 25, 24, 23, 13, 12, 11),11)
(67,74,Set(67, 77, 76, 75, 74),4)
(67,56,Set(67, 57, 56),2)
(67,29,Set(67, 57, 47, 37, 38, 28, 29),6)
(67,47,Set(67, 57, 47),2)
(67,38,Set(67, 57, 47, 37, 38),4)
(67,20,Set(67, 57, 47, 37, 38, 28, 29, 19, 20),8)
(67,65,Set(67, 66, 65),2)
(67,5,Set(67, 57, 47, 46, 36, 26, 25, 15, 5),8)
(67,14,Set(67, 57, 47, 46, 36, 26, 25, 24, 14),8)
(67,46,Set(67, 57, 47, 46),3)
(67,100,Set(67, 77, 87, 97, 98, 99, 100),6)
(67,91,Set(67, 77, 76, 75, 74, 73, 72, 71, 81, 91),9)
(67,64,Set(67, 66, 65, 64),3)
(67,55,Set(67, 57, 56, 55),3)
(67,73,Set(67, 77, 76, 75, 74, 73),5)
(67,94,Set(67, 77, 76, 75, 74, 84, 94),6)
(67,85,Set(67, 77, 76, 75, 85),4)
(67,58,Set(67, 57, 58),2)
(67,40,Set(67, 57, 47, 37, 38, 39, 40),6)
(67,49,Set(67, 57, 58, 59, 49),4)
(67,4,Set(67, 57, 47, 46, 36, 26, 25, 24, 14, 4),9)
(67,13,Set(67, 57, 47, 46, 36, 26, 25, 24, 23, 13),9)
(67,31,Set(67, 57, 47, 46, 36, 35, 34, 33, 32, 31),9)
(67,76,Set(67, 77, 76),2)
(67,16,Set(67, 57, 47, 46, 36, 26, 16),6)
(67,97,Set(67, 77, 87, 97),3)
(67,7,Set(67, 57, 47, 37, 27, 17, 7),6)
(67,79,Set(67, 77, 78, 79),3)
(67,52,Set(67, 57, 56, 55, 54, 53, 52),6)
(67,43,Set(67, 57, 47, 46, 45, 44, 43),6)
(67,70,Set(67, 77, 78, 79, 80, 70),5)
(67,25,Set(67, 57, 47, 46, 36, 26, 25),6)
(67,34,Set(67, 57, 47, 46, 36, 35, 34),6)
(67,61,Set(67, 77, 76, 75, 74, 73, 72, 71, 61),8)
(67,10,Set(67, 57, 47, 37, 38, 28, 29, 19, 20, 10),9)
(67,37,Set(67, 57, 47, 37),3)
(67,1,Set(67, 57, 47, 46, 36, 26, 25, 24, 23, 13, 12, 11, 1),12)
(67,19,Set(67, 57, 47, 37, 38, 28, 29, 19),7)
(67,28,Set(67, 57, 47, 37, 38, 28),5)
(67,60,Set(67, 57, 58, 59, 60),4)
(67,87,Set(67, 77, 87),2)
(67,96,Set(67, 77, 76, 86, 96),4)
(67,78,Set(67, 77, 78),2)
(67,69,Set(67, 77, 78, 79, 69),4)
(67,63,Set(67, 66, 65, 64, 63),4)
(67,99,Set(67, 77, 87, 97, 98, 99),5)
(67,90,Set(67, 77, 78, 79, 80, 90),5)
(67,54,Set(67, 57, 56, 55, 54),4)
(67,45,Set(67, 57, 47, 46, 45),4)
(67,81,Set(67, 77, 76, 75, 74, 73, 72, 71, 81),8)
(67,72,Set(67, 77, 76, 75, 74, 73, 72),6)
(67,36,Set(67, 57, 47, 46, 36),4)
(67,27,Set(67, 57, 47, 37, 27),4)
(67,9,Set(67, 57, 47, 37, 38, 28, 29, 19, 9),8)
(67,18,Set(67, 57, 47, 37, 38, 28, 18),6)
(67,21,Set(67, 57, 47, 46, 36, 35, 34, 33, 32, 31, 21),10)
(67,57,Set(67, 57),1)
(67,3,Set(67, 57, 47, 46, 36, 26, 25, 24, 23, 13, 3),10)
(67,12,Set(67, 57, 47, 46, 36, 26, 25, 24, 23, 13, 12),10)
(67,84,Set(67, 77, 76, 75, 74, 84),5)
(67,93,Set(67, 77, 76, 75, 74, 73, 83, 93),7)
(67,75,Set(67, 77, 76, 75),3)
(67,30,Set(67, 57, 47, 37, 38, 28, 29, 30),7)
(67,39,Set(67, 57, 47, 37, 38, 39),5)
(67,66,Set(67, 66),1)
(67,15,Set(67, 57, 47, 46, 36, 26, 25, 15),7)
(67,51,Set(67, 57, 56, 55, 54, 53, 52, 51),7)
(67,6,Set(67, 57, 47, 46, 36, 26, 16, 6),7)
(67,24,Set(67, 57, 47, 46, 36, 26, 25, 24),7)
(67,33,Set(67, 57, 47, 46, 36, 35, 34, 33),7)
(69,92,Set(69, 79, 89, 99, 98, 97, 96, 95, 94, 93, 92),10)
(69,83,Set(69, 79, 78, 77, 76, 75, 74, 73, 83),8)
(69,23,Set(69, 59, 58, 57, 47, 46, 36, 26, 25, 24, 23),10)
(69,95,Set(69, 79, 89, 99, 98, 97, 96, 95),7)
(69,77,Set(69, 79, 78, 77),3)
(69,86,Set(69, 79, 78, 77, 76, 86),5)
(69,41,Set(69, 59, 58, 57, 56, 55, 54, 53, 52, 51, 41),10)
(69,32,Set(69, 59, 58, 57, 47, 46, 36, 35, 34, 33, 32),10)
(69,59,Set(69, 59),1)
(69,50,Set(69, 59, 49, 50),3)
(69,53,Set(69, 59, 58, 57, 56, 55, 54, 53),7)
(69,44,Set(69, 59, 58, 57, 47, 46, 45, 44),7)
(69,35,Set(69, 59, 58, 57, 47, 46, 36, 35),7)
(69,17,Set(69, 59, 58, 57, 47, 37, 27, 17),7)
(69,26,Set(69, 59, 58, 57, 47, 46, 36, 26),7)
(69,80,Set(69, 79, 80),2)
(69,89,Set(69, 79, 89),2)
(69,71,Set(69, 79, 78, 77, 76, 75, 74, 73, 72, 71),9)
(69,98,Set(69, 79, 89, 99, 98),4)
(69,11,Set(69, 59, 58, 57, 47, 46, 36, 26, 25, 24, 23, 13, 12, 11),13)
(69,74,Set(69, 79, 78, 77, 76, 75, 74),6)
(69,56,Set(69, 59, 58, 57, 56),4)
(69,47,Set(69, 59, 58, 57, 47),4)
(69,29,Set(69, 59, 49, 39, 29),4)
(69,38,Set(69, 59, 49, 39, 38),4)
(69,20,Set(69, 59, 49, 39, 29, 19, 20),6)
(69,65,Set(69, 59, 58, 57, 56, 55, 65),6)
(69,5,Set(69, 59, 58, 57, 47, 46, 36, 26, 25, 15, 5),10)
(69,14,Set(69, 59, 58, 57, 47, 46, 36, 26, 25, 24, 14),10)
(69,46,Set(69, 59, 58, 57, 47, 46),5)
(69,100,Set(69, 79, 80, 90, 100),4)
(69,91,Set(69, 79, 89, 99, 98, 97, 96, 95, 94, 93, 92, 91),11)
(69,73,Set(69, 79, 78, 77, 76, 75, 74, 73),7)
(69,55,Set(69, 59, 58, 57, 56, 55),5)
(69,64,Set(69, 59, 58, 57, 56, 55, 65, 64),7)
(69,94,Set(69, 79, 89, 99, 98, 97, 96, 95, 94),8)
(69,67,Set(69, 59, 58, 57, 67),4)
(69,58,Set(69, 59, 58),2)
(69,85,Set(69, 79, 78, 77, 76, 75, 85),6)
(69,40,Set(69, 59, 49, 39, 40),4)
(69,49,Set(69, 59, 49),2)
(69,13,Set(69, 59, 58, 57, 47, 46, 36, 26, 25, 24, 23, 13),11)
(69,4,Set(69, 59, 58, 57, 47, 46, 36, 26, 25, 24, 14, 4),11)
(69,31,Set(69, 59, 58, 57, 47, 46, 36, 35, 34, 33, 32, 31),11)
(69,76,Set(69, 79, 78, 77, 76),4)
(69,16,Set(69, 59, 58, 57, 47, 46, 36, 26, 16),8)
(69,97,Set(69, 79, 89, 99, 98, 97),5)
(69,7,Set(69, 59, 58, 57, 47, 37, 27, 17, 7),8)
(69,79,Set(69, 79),1)
(69,52,Set(69, 59, 58, 57, 56, 55, 54, 53, 52),8)
(69,43,Set(69, 59, 58, 57, 47, 46, 45, 44, 43),8)
(69,70,Set(69, 70),1)
(69,25,Set(69, 59, 58, 57, 47, 46, 36, 26, 25),8)
(69,34,Set(69, 59, 58, 57, 47, 46, 36, 35, 34),8)
(69,61,Set(69, 59, 58, 57, 56, 55, 54, 53, 52, 51, 61),10)
(69,10,Set(69, 59, 49, 39, 29, 19, 20, 10),7)
(69,37,Set(69, 59, 58, 57, 47, 37),5)
(69,1,Set(69, 59, 58, 57, 47, 46, 36, 26, 25, 24, 23, 13, 12, 11, 1),14)
(69,28,Set(69, 59, 49, 39, 29, 28),5)
(69,19,Set(69, 59, 49, 39, 29, 19),5)
(69,60,Set(69, 59, 60),2)
(69,87,Set(69, 79, 78, 77, 87),4)
(69,96,Set(69, 79, 89, 99, 98, 97, 96),6)
(69,78,Set(69, 79, 78),2)
(69,63,Set(69, 59, 58, 57, 56, 55, 65, 64, 63),8)
(69,90,Set(69, 79, 80, 90),3)
(69,99,Set(69, 79, 89, 99),3)
(69,45,Set(69, 59, 58, 57, 47, 46, 45),6)
(69,54,Set(69, 59, 58, 57, 56, 55, 54),6)
(69,81,Set(69, 79, 78, 77, 76, 75, 74, 73, 72, 71, 81),10)
(69,72,Set(69, 79, 78, 77, 76, 75, 74, 73, 72),8)
(69,27,Set(69, 59, 58, 57, 47, 37, 27),6)
(69,36,Set(69, 59, 58, 57, 47, 46, 36),6)
(69,18,Set(69, 59, 49, 39, 29, 28, 18),6)
(69,9,Set(69, 59, 49, 39, 29, 19, 9),6)
(69,21,Set(69, 59, 58, 57, 47, 46, 36, 35, 34, 33, 32, 31, 21),12)
(69,57,Set(69, 59, 58, 57),3)
(69,12,Set(69, 59, 58, 57, 47, 46, 36, 26, 25, 24, 23, 13, 12),12)
(69,3,Set(69, 59, 58, 57, 47, 46, 36, 26, 25, 24, 23, 13, 3),12)
(69,84,Set(69, 79, 78, 77, 76, 75, 74, 84),7)
(69,93,Set(69, 79, 89, 99, 98, 97, 96, 95, 94, 93),9)
(69,75,Set(69, 79, 78, 77, 76, 75),5)
(69,30,Set(69, 59, 49, 39, 29, 30),5)
(69,39,Set(69, 59, 49, 39),3)
(69,66,Set(69, 59, 58, 57, 56, 66),5)
(69,15,Set(69, 59, 58, 57, 47, 46, 36, 26, 25, 15),9)
(69,51,Set(69, 59, 58, 57, 56, 55, 54, 53, 52, 51),9)
(69,33,Set(69, 59, 58, 57, 47, 46, 36, 35, 34, 33),9)
(69,24,Set(69, 59, 58, 57, 47, 46, 36, 26, 25, 24),9)
(69,6,Set(69, 59, 58, 57, 47, 46, 36, 26, 16, 6),9)
(70,92,Set(70, 80, 79, 89, 99, 98, 97, 96, 95, 94, 93, 92),11)
(70,83,Set(70, 80, 79, 78, 77, 76, 75, 74, 73, 83),9)
(70,23,Set(70, 69, 59, 58, 57, 47, 46, 36, 26, 25, 24, 23),11)
(70,95,Set(70, 80, 79, 89, 99, 98, 97, 96, 95),8)
(70,77,Set(70, 80, 79, 78, 77),4)
(70,86,Set(70, 80, 79, 78, 77, 76, 86),6)
(70,41,Set(70, 69, 59, 58, 57, 56, 55, 54, 53, 52, 51, 41),11)
(70,32,Set(70, 69, 59, 58, 57, 47, 46, 36, 35, 34, 33, 32),11)
(70,50,Set(70, 60, 50),2)
(70,59,Set(70, 69, 59),2)
(70,53,Set(70, 69, 59, 58, 57, 56, 55, 54, 53),8)
(70,44,Set(70, 69, 59, 58, 57, 47, 46, 45, 44),8)
(70,35,Set(70, 69, 59, 58, 57, 47, 46, 36, 35),8)
(70,17,Set(70, 69, 59, 58, 57, 47, 37, 27, 17),8)
(70,26,Set(70, 69, 59, 58, 57, 47, 46, 36, 26),8)
(70,80,Set(70, 80),1)
(70,89,Set(70, 80, 79, 89),3)
(70,71,Set(70, 80, 79, 78, 77, 76, 75, 74, 73, 72, 71),10)
(70,98,Set(70, 80, 79, 89, 99, 98),5)
(70,11,Set(70, 69, 59, 58, 57, 47, 46, 36, 26, 25, 24, 23, 13, 12, 11),14)
(70,74,Set(70, 80, 79, 78, 77, 76, 75, 74),7)
(70,56,Set(70, 69, 59, 58, 57, 56),5)
(70,47,Set(70, 69, 59, 58, 57, 47),5)
(70,29,Set(70, 69, 59, 49, 39, 29),5)
(70,38,Set(70, 69, 59, 49, 39, 38),5)
(70,20,Set(70, 60, 50, 40, 30, 20),5)
(70,65,Set(70, 80, 79, 78, 77, 76, 75, 65),7)
(70,5,Set(70, 69, 59, 58, 57, 47, 46, 36, 26, 25, 15, 5),11)
(70,14,Set(70, 69, 59, 58, 57, 47, 46, 36, 26, 25, 24, 14),11)
(70,46,Set(70, 69, 59, 58, 57, 47, 46),6)
(70,100,Set(70, 80, 90, 100),3)
(70,91,Set(70, 80, 79, 89, 99, 98, 97, 96, 95, 94, 93, 92, 91),12)
(70,73,Set(70, 80, 79, 78, 77, 76, 75, 74, 73),8)
(70,64,Set(70, 80, 79, 78, 77, 76, 75, 65, 64),8)
(70,55,Set(70, 69, 59, 58, 57, 56, 55),6)
(70,94,Set(70, 80, 79, 89, 99, 98, 97, 96, 95, 94),9)
(70,67,Set(70, 80, 79, 78, 77, 67),5)
(70,58,Set(70, 69, 59, 58),3)
(70,85,Set(70, 80, 79, 78, 77, 76, 75, 85),7)
(70,49,Set(70, 69, 59, 49),3)
(70,40,Set(70, 60, 50, 40),3)
(70,13,Set(70, 69, 59, 58, 57, 47, 46, 36, 26, 25, 24, 23, 13),12)
(70,4,Set(70, 69, 59, 58, 57, 47, 46, 36, 26, 25, 24, 14, 4),12)
(70,31,Set(70, 69, 59, 58, 57, 47, 46, 36, 35, 34, 33, 32, 31),12)
(70,76,Set(70, 80, 79, 78, 77, 76),5)
(70,16,Set(70, 69, 59, 58, 57, 47, 46, 36, 26, 16),9)
(70,97,Set(70, 80, 79, 89, 99, 98, 97),6)
(70,7,Set(70, 69, 59, 58, 57, 47, 37, 27, 17, 7),9)
(70,79,Set(70, 80, 79),2)
(70,52,Set(70, 69, 59, 58, 57, 56, 55, 54, 53, 52),9)
(70,43,Set(70, 69, 59, 58, 57, 47, 46, 45, 44, 43),9)
(70,25,Set(70, 69, 59, 58, 57, 47, 46, 36, 26, 25),9)
(70,34,Set(70, 69, 59, 58, 57, 47, 46, 36, 35, 34),9)
(70,61,Set(70, 80, 79, 78, 77, 76, 75, 74, 73, 72, 71, 61),11)
(70,10,Set(70, 60, 50, 40, 30, 20, 10),6)
(70,37,Set(70, 69, 59, 58, 57, 47, 37),6)
(70,1,Set(70, 69, 59, 58, 57, 47, 46, 36, 26, 25, 24, 23, 13, 12, 11, 1),15)
(70,28,Set(70, 69, 59, 49, 39, 29, 28),6)
(70,19,Set(70, 69, 59, 49, 39, 29, 19),6)
(70,60,Set(70, 60),1)
(70,87,Set(70, 80, 79, 78, 77, 87),5)
(70,96,Set(70, 80, 79, 89, 99, 98, 97, 96),7)
(70,69,Set(70, 69),1)
(70,78,Set(70, 80, 79, 78),3)
(70,63,Set(70, 80, 79, 78, 77, 76, 75, 65, 64, 63),9)
(70,99,Set(70, 80, 79, 89, 99),4)
(70,90,Set(70, 80, 90),2)
(70,45,Set(70, 69, 59, 58, 57, 47, 46, 45),7)
(70,54,Set(70, 69, 59, 58, 57, 56, 55, 54),7)
(70,81,Set(70, 80, 79, 78, 77, 76, 75, 74, 73, 72, 71, 81),11)
(70,72,Set(70, 80, 79, 78, 77, 76, 75, 74, 73, 72),9)
(70,27,Set(70, 69, 59, 58, 57, 47, 37, 27),7)
(70,36,Set(70, 69, 59, 58, 57, 47, 46, 36),7)
(70,18,Set(70, 69, 59, 49, 39, 29, 28, 18),7)
(70,9,Set(70, 69, 59, 49, 39, 29, 19, 9),7)
(70,21,Set(70, 69, 59, 58, 57, 47, 46, 36, 35, 34, 33, 32, 31, 21),13)
(70,57,Set(70, 69, 59, 58, 57),4)
(70,12,Set(70, 69, 59, 58, 57, 47, 46, 36, 26, 25, 24, 23, 13, 12),13)
(70,3,Set(70, 69, 59, 58, 57, 47, 46, 36, 26, 25, 24, 23, 13, 3),13)
(70,84,Set(70, 80, 79, 78, 77, 76, 75, 74, 84),8)
(70,93,Set(70, 80, 79, 89, 99, 98, 97, 96, 95, 94, 93),10)
(70,75,Set(70, 80, 79, 78, 77, 76, 75),6)
(70,30,Set(70, 60, 50, 40, 30),4)
(70,39,Set(70, 69, 59, 49, 39),4)
(70,66,Set(70, 80, 79, 78, 77, 76, 66),6)
(70,15,Set(70, 69, 59, 58, 57, 47, 46, 36, 26, 25, 15),10)
(70,51,Set(70, 69, 59, 58, 57, 56, 55, 54, 53, 52, 51),10)
(70,33,Set(70, 69, 59, 58, 57, 47, 46, 36, 35, 34, 33),10)
(70,24,Set(70, 69, 59, 58, 57, 47, 46, 36, 26, 25, 24),10)
(70,6,Set(70, 69, 59, 58, 57, 47, 46, 36, 26, 16, 6),10)
(71,92,Set(71, 81, 91, 92),3)
(71,83,Set(71, 72, 73, 83),3)
(71,95,Set(71, 72, 73, 83, 93, 94, 95),6)
(71,23,Set(71, 61, 51, 41, 31, 32, 33, 23),7)
(71,86,Set(71, 72, 73, 83, 84, 85, 86),6)
(71,77,Set(71, 72, 73, 74, 75, 76, 77),6)
(71,50,Set(71, 61, 51, 52, 53, 54, 55, 56, 57, 58, 59, 49, 50),12)
(71,59,Set(71, 61, 51, 52, 53, 54, 55, 56, 57, 58, 59),10)
(71,32,Set(71, 61, 51, 41, 31, 32),5)
(71,41,Set(71, 61, 51, 41),3)
(71,53,Set(71, 61, 51, 52, 53),4)
(71,17,Set(71, 61, 51, 41, 31, 21, 11, 12, 13, 14, 15, 16, 17),12)
(71,44,Set(71, 61, 51, 52, 53, 43, 44),6)
(71,35,Set(71, 61, 51, 41, 31, 32, 33, 34, 35),8)
(71,26,Set(71, 61, 51, 41, 31, 32, 33, 23, 24, 25, 26),10)
(71,80,Set(71, 72, 73, 74, 75, 76, 77, 78, 79, 80),9)
(71,89,Set(71, 72, 73, 74, 75, 76, 77, 78, 79, 89),9)
(71,98,Set(71, 72, 73, 83, 93, 94, 95, 96, 97, 98),9)
(71,11,Set(71, 61, 51, 41, 31, 21, 11),6)
(71,74,Set(71, 72, 73, 74),3)
(71,56,Set(71, 61, 51, 52, 53, 54, 55, 56),7)
(71,29,Set(71, 61, 51, 41, 31, 32, 33, 23, 24, 25, 26, 27, 28, 29),13)
(71,38,Set(71, 61, 51, 41, 31, 32, 33, 34, 35, 36, 37, 38),11)
(71,47,Set(71, 61, 51, 52, 53, 43, 44, 45, 46, 47),9)
(71,20,Set(71, 61, 51, 41, 31, 21, 11, 12, 13, 14, 15, 16, 17, 18, 19, 20),15)
(71,65,Set(71, 72, 73, 74, 75, 65),5)
(71,5,Set(71, 61, 51, 41, 31, 21, 11, 12, 13, 14, 4, 5),11)
(71,14,Set(71, 61, 51, 41, 31, 21, 11, 12, 13, 14),9)
(71,46,Set(71, 61, 51, 52, 53, 43, 44, 45, 46),8)
(71,100,Set(71, 72, 73, 83, 93, 94, 95, 96, 97, 98, 99, 100),11)
(71,91,Set(71, 81, 91),2)
(71,64,Set(71, 72, 73, 74, 64),4)
(71,73,Set(71, 72, 73),2)
(71,55,Set(71, 61, 51, 52, 53, 54, 55),6)
(71,58,Set(71, 61, 51, 52, 53, 54, 55, 56, 57, 58),9)
(71,85,Set(71, 72, 73, 83, 84, 85),5)
(71,94,Set(71, 72, 73, 83, 93, 94),5)
(71,67,Set(71, 72, 73, 74, 75, 65, 66, 67),7)
(71,40,Set(71, 61, 51, 41, 31, 32, 33, 34, 35, 36, 37, 38, 39, 40),13)
(71,49,Set(71, 61, 51, 52, 53, 54, 55, 56, 57, 58, 59, 49),11)
(71,4,Set(71, 61, 51, 41, 31, 21, 11, 12, 13, 14, 4),10)
(71,13,Set(71, 61, 51, 41, 31, 21, 11, 12, 13),8)
(71,76,Set(71, 72, 73, 74, 75, 76),5)
(71,31,Set(71, 61, 51, 41, 31),4)
(71,16,Set(71, 61, 51, 41, 31, 21, 11, 12, 13, 14, 15, 16),11)
(71,97,Set(71, 72, 73, 83, 93, 94, 95, 96, 97),8)
(71,7,Set(71, 61, 51, 41, 31, 21, 11, 12, 13, 14, 4, 5, 6, 7),13)
(71,79,Set(71, 72, 73, 74, 75, 76, 77, 78, 79),8)
(71,70,Set(71, 72, 73, 74, 75, 76, 77, 78, 79, 80, 70),10)
(71,43,Set(71, 61, 51, 52, 53, 43),5)
(71,52,Set(71, 61, 51, 52),3)
(71,25,Set(71, 61, 51, 41, 31, 32, 33, 23, 24, 25),9)
(71,34,Set(71, 61, 51, 41, 31, 32, 33, 34),7)
(71,61,Set(71, 61),1)
(71,10,Set(71, 61, 51, 41, 31, 21, 11, 12, 13, 14, 15, 16, 17, 18, 19, 20, 10),16)
(71,37,Set(71, 61, 51, 41, 31, 32, 33, 34, 35, 36, 37),10)
(71,1,Set(71, 61, 51, 41, 31, 21, 11, 1),7)
(71,19,Set(71, 61, 51, 41, 31, 21, 11, 12, 13, 14, 15, 16, 17, 18, 19),14)
(71,28,Set(71, 61, 51, 41, 31, 32, 33, 23, 24, 25, 26, 27, 28),12)
(71,60,Set(71, 61, 51, 52, 53, 54, 55, 56, 57, 58, 59, 60),11)
(71,87,Set(71, 72, 73, 83, 84, 85, 86, 87),7)
(71,96,Set(71, 72, 73, 83, 93, 94, 95, 96),7)
(71,69,Set(71, 72, 73, 74, 75, 76, 77, 78, 79, 69),9)
(71,78,Set(71, 72, 73, 74, 75, 76, 77, 78),7)
(71,90,Set(71, 72, 73, 74, 75, 76, 77, 78, 79, 80, 90),10)
(71,99,Set(71, 72, 73, 83, 93, 94, 95, 96, 97, 98, 99),10)
(71,63,Set(71, 72, 73, 63),3)
(71,54,Set(71, 61, 51, 52, 53, 54),5)
(71,45,Set(71, 61, 51, 52, 53, 43, 44, 45),7)
(71,81,Set(71, 81),1)
(71,72,Set(71, 72),1)
(71,27,Set(71, 61, 51, 41, 31, 32, 33, 23, 24, 25, 26, 27),11)
(71,36,Set(71, 61, 51, 41, 31, 32, 33, 34, 35, 36),9)
(71,9,Set(71, 61, 51, 41, 31, 21, 11, 12, 13, 14, 15, 16, 17, 18, 19, 9),15)
(71,18,Set(71, 61, 51, 41, 31, 21, 11, 12, 13, 14, 15, 16, 17, 18),13)
(71,21,Set(71, 61, 51, 41, 31, 21),5)
(71,57,Set(71, 61, 51, 52, 53, 54, 55, 56, 57),8)
(71,3,Set(71, 61, 51, 41, 31, 21, 11, 12, 13, 3),9)
(71,84,Set(71, 72, 73, 83, 84),4)
(71,12,Set(71, 61, 51, 41, 31, 21, 11, 12),7)
(71,93,Set(71, 72, 73, 83, 93),4)
(71,75,Set(71, 72, 73, 74, 75),4)
(71,30,Set(71, 61, 51, 41, 31, 32, 33, 23, 24, 25, 26, 27, 28, 29, 30),14)
(71,39,Set(71, 61, 51, 41, 31, 32, 33, 34, 35, 36, 37, 38, 39),12)
(71,66,Set(71, 72, 73, 74, 75, 65, 66),6)
(71,15,Set(71, 61, 51, 41, 31, 21, 11, 12, 13, 14, 15),10)
(71,51,Set(71, 61, 51),2)
(71,6,Set(71, 61, 51, 41, 31, 21, 11, 12, 13, 14, 4, 5, 6),12)
(71,33,Set(71, 61, 51, 41, 31, 32, 33),6)
(71,24,Set(71, 61, 51, 41, 31, 32, 33, 23, 24),8)
(72,92,Set(72, 73, 83, 93, 92),4)
(72,83,Set(72, 73, 83),2)
(72,95,Set(72, 73, 83, 93, 94, 95),5)
(72,23,Set(72, 73, 63, 53, 43, 33, 23),6)
(72,86,Set(72, 73, 83, 84, 85, 86),5)
(72,77,Set(72, 73, 74, 75, 76, 77),5)
(72,50,Set(72, 73, 74, 75, 65, 55, 56, 57, 58, 59, 49, 50),11)
(72,59,Set(72, 73, 74, 75, 65, 55, 56, 57, 58, 59),9)
(72,41,Set(72, 71, 61, 51, 41),4)
(72,32,Set(72, 73, 63, 53, 43, 33, 32),6)
(72,53,Set(72, 73, 63, 53),3)
(72,17,Set(72, 73, 74, 75, 65, 55, 56, 57, 47, 37, 27, 17),11)
(72,44,Set(72, 73, 74, 64, 54, 44),5)
(72,35,Set(72, 73, 74, 75, 65, 55, 45, 35),7)
(72,26,Set(72, 73, 74, 75, 65, 55, 56, 46, 36, 26),9)
(72,80,Set(72, 73, 74, 75, 76, 77, 78, 79, 80),8)
(72,89,Set(72, 73, 74, 75, 76, 77, 78, 79, 89),8)
(72,98,Set(72, 73, 83, 93, 94, 95, 96, 97, 98),8)
(72,71,Set(72, 71),1)
(72,11,Set(72, 71, 61, 51, 41, 31, 21, 11),7)
(72,74,Set(72, 73, 74),2)
(72,56,Set(72, 73, 74, 75, 65, 55, 56),6)
(72,29,Set(72, 73, 74, 75, 65, 55, 56, 57, 47, 37, 38, 28, 29),12)
(72,38,Set(72, 73, 74, 75, 65, 55, 56, 57, 47, 37, 38),10)
(72,47,Set(72, 73, 74, 75, 65, 55, 56, 57, 47),8)
(72,20,Set(72, 73, 74, 75, 65, 55, 56, 57, 47, 37, 38, 28, 29, 19, 20),14)
(72,65,Set(72, 73, 74, 75, 65),4)
(72,5,Set(72, 73, 74, 75, 65, 55, 45, 35, 25, 15, 5),10)
(72,14,Set(72, 73, 74, 64, 54, 44, 34, 24, 14),8)
(72,46,Set(72, 73, 74, 75, 65, 55, 56, 46),7)
(72,100,Set(72, 73, 83, 93, 94, 95, 96, 97, 98, 99, 100),10)
(72,91,Set(72, 71, 81, 91),3)
(72,55,Set(72, 73, 74, 75, 65, 55),5)
(72,73,Set(72, 73),1)
(72,64,Set(72, 73, 74, 64),3)
(72,58,Set(72, 73, 74, 75, 65, 55, 56, 57, 58),8)
(72,94,Set(72, 73, 83, 93, 94),4)
(72,85,Set(72, 73, 83, 84, 85),4)
(72,67,Set(72, 73, 74, 75, 65, 66, 67),6)
(72,40,Set(72, 73, 74, 75, 65, 55, 56, 57, 47, 37, 38, 39, 40),12)
(72,49,Set(72, 73, 74, 75, 65, 55, 56, 57, 58, 59, 49),10)
(72,4,Set(72, 73, 74, 64, 54, 44, 34, 24, 14, 4),9)
(72,13,Set(72, 73, 63, 53, 43, 33, 23, 13),7)
(72,31,Set(72, 71, 61, 51, 41, 31),5)
(72,76,Set(72, 73, 74, 75, 76),4)
(72,16,Set(72, 73, 74, 75, 65, 55, 56, 46, 36, 26, 16),10)
(72,97,Set(72, 73, 83, 93, 94, 95, 96, 97),7)
(72,7,Set(72, 73, 74, 75, 65, 55, 56, 57, 47, 37, 27, 17, 7),12)
(72,79,Set(72, 73, 74, 75, 76, 77, 78, 79),7)
(72,70,Set(72, 73, 74, 75, 76, 77, 78, 79, 80, 70),9)
(72,43,Set(72, 73, 63, 53, 43),4)
(72,52,Set(72, 73, 63, 53, 52),4)
(72,25,Set(72, 73, 74, 75, 65, 55, 45, 35, 25),8)
(72,34,Set(72, 73, 74, 64, 54, 44, 34),6)
(72,61,Set(72, 71, 61),2)
(72,10,Set(72, 73, 74, 75, 65, 55, 56, 57, 47, 37, 38, 28, 29, 19, 20, 10),15)
(72,37,Set(72, 73, 74, 75, 65, 55, 56, 57, 47, 37),9)
(72,1,Set(72, 71, 61, 51, 41, 31, 21, 11, 1),8)
(72,19,Set(72, 73, 74, 75, 65, 55, 56, 57, 47, 37, 38, 28, 29, 19),13)
(72,28,Set(72, 73, 74, 75, 65, 55, 56, 57, 47, 37, 38, 28),11)
(72,60,Set(72, 73, 74, 75, 65, 55, 56, 57, 58, 59, 60),10)
(72,87,Set(72, 73, 83, 84, 85, 86, 87),6)
(72,96,Set(72, 73, 83, 93, 94, 95, 96),6)
(72,69,Set(72, 73, 74, 75, 76, 77, 78, 79, 69),8)
(72,78,Set(72, 73, 74, 75, 76, 77, 78),6)
(72,90,Set(72, 73, 74, 75, 76, 77, 78, 79, 80, 90),9)
(72,99,Set(72, 73, 83, 93, 94, 95, 96, 97, 98, 99),9)
(72,63,Set(72, 73, 63),2)
(72,54,Set(72, 73, 74, 64, 54),4)
(72,45,Set(72, 73, 74, 75, 65, 55, 45),6)
(72,81,Set(72, 71, 81),2)
(72,27,Set(72, 73, 74, 75, 65, 55, 56, 57, 47, 37, 27),10)
(72,36,Set(72, 73, 74, 75, 65, 55, 56, 46, 36),8)
(72,9,Set(72, 73, 74, 75, 65, 55, 56, 57, 47, 37, 38, 28, 29, 19, 9),14)
(72,18,Set(72, 73, 74, 75, 65, 55, 56, 57, 47, 37, 38, 28, 18),12)
(72,21,Set(72, 71, 61, 51, 41, 31, 21),6)
(72,57,Set(72, 73, 74, 75, 65, 55, 56, 57),7)
(72,3,Set(72, 73, 63, 53, 43, 33, 23, 13, 3),8)
(72,12,Set(72, 73, 63, 53, 43, 33, 23, 13, 12),8)
(72,84,Set(72, 73, 83, 84),3)
(72,93,Set(72, 73, 83, 93),3)
(72,75,Set(72, 73, 74, 75),3)
(72,30,Set(72, 73, 74, 75, 65, 55, 56, 57, 47, 37, 38, 28, 29, 30),13)
(72,39,Set(72, 73, 74, 75, 65, 55, 56, 57, 47, 37, 38, 39),11)
(72,66,Set(72, 73, 74, 75, 65, 66),5)
(72,15,Set(72, 73, 74, 75, 65, 55, 45, 35, 25, 15),9)
(72,51,Set(72, 71, 61, 51),3)
(72,6,Set(72, 73, 74, 75, 65, 55, 56, 46, 36, 26, 16, 6),11)
(72,33,Set(72, 73, 63, 53, 43, 33),5)
(72,24,Set(72, 73, 74, 64, 54, 44, 34, 24),7)
(73,92,Set(73, 83, 93, 92),3)
(73,83,Set(73, 83),1)
(73,95,Set(73, 83, 93, 94, 95),4)
(73,23,Set(73, 63, 53, 43, 33, 23),5)
(73,86,Set(73, 83, 84, 85, 86),4)
(73,77,Set(73, 74, 75, 76, 77),4)
(73,50,Set(73, 74, 75, 65, 55, 56, 57, 58, 59, 49, 50),10)
(73,59,Set(73, 74, 75, 65, 55, 56, 57, 58, 59),8)
(73,41,Set(73, 72, 71, 61, 51, 41),5)
(73,32,Set(73, 63, 53, 43, 33, 32),5)
(73,53,Set(73, 63, 53),2)
(73,17,Set(73, 74, 75, 65, 55, 56, 57, 47, 37, 27, 17),10)
(73,44,Set(73, 74, 64, 54, 44),4)
(73,35,Set(73, 74, 75, 65, 55, 45, 35),6)
(73,26,Set(73, 74, 75, 65, 55, 56, 46, 36, 26),8)
(73,80,Set(73, 74, 75, 76, 77, 78, 79, 80),7)
(73,89,Set(73, 74, 75, 76, 77, 78, 79, 89),7)
(73,98,Set(73, 83, 93, 94, 95, 96, 97, 98),7)
(73,71,Set(73, 72, 71),2)
(73,11,Set(73, 72, 71, 61, 51, 41, 31, 21, 11),8)
(73,74,Set(73, 74),1)
(73,56,Set(73, 74, 75, 65, 55, 56),5)
(73,29,Set(73, 74, 75, 65, 55, 56, 57, 47, 37, 38, 28, 29),11)
(73,38,Set(73, 74, 75, 65, 55, 56, 57, 47, 37, 38),9)
(73,47,Set(73, 74, 75, 65, 55, 56, 57, 47),7)
(73,20,Set(73, 74, 75, 65, 55, 56, 57, 47, 37, 38, 28, 29, 19, 20),13)
(73,65,Set(73, 74, 75, 65),3)
(73,5,Set(73, 74, 75, 65, 55, 45, 35, 25, 15, 5),9)
(73,14,Set(73, 74, 64, 54, 44, 34, 24, 14),7)
(73,46,Set(73, 74, 75, 65, 55, 56, 46),6)
(73,100,Set(73, 83, 93, 94, 95, 96, 97, 98, 99, 100),9)
(73,91,Set(73, 72, 71, 81, 91),4)
(73,55,Set(73, 74, 75, 65, 55),4)
(73,64,Set(73, 74, 64),2)
(73,58,Set(73, 74, 75, 65, 55, 56, 57, 58),7)
(73,94,Set(73, 83, 93, 94),3)
(73,85,Set(73, 83, 84, 85),3)
(73,67,Set(73, 74, 75, 65, 66, 67),5)
(73,40,Set(73, 74, 75, 65, 55, 56, 57, 47, 37, 38, 39, 40),11)
(73,49,Set(73, 74, 75, 65, 55, 56, 57, 58, 59, 49),9)
(73,4,Set(73, 74, 64, 54, 44, 34, 24, 14, 4),8)
(73,13,Set(73, 63, 53, 43, 33, 23, 13),6)
(73,76,Set(73, 74, 75, 76),3)
(73,31,Set(73, 72, 71, 61, 51, 41, 31),6)
(73,16,Set(73, 74, 75, 65, 55, 56, 46, 36, 26, 16),9)
(73,97,Set(73, 83, 93, 94, 95, 96, 97),6)
(73,7,Set(73, 74, 75, 65, 55, 56, 57, 47, 37, 27, 17, 7),11)
(73,79,Set(73, 74, 75, 76, 77, 78, 79),6)
(73,70,Set(73, 74, 75, 76, 77, 78, 79, 80, 70),8)
(73,43,Set(73, 63, 53, 43),3)
(73,52,Set(73, 63, 53, 52),3)
(73,25,Set(73, 74, 75, 65, 55, 45, 35, 25),7)
(73,34,Set(73, 74, 64, 54, 44, 34),5)
(73,61,Set(73, 72, 71, 61),3)
(73,10,Set(73, 74, 75, 65, 55, 56, 57, 47, 37, 38, 28, 29, 19, 20, 10),14)
(73,37,Set(73, 74, 75, 65, 55, 56, 57, 47, 37),8)
(73,1,Set(73, 72, 71, 61, 51, 41, 31, 21, 11, 1),9)
(73,19,Set(73, 74, 75, 65, 55, 56, 57, 47, 37, 38, 28, 29, 19),12)
(73,28,Set(73, 74, 75, 65, 55, 56, 57, 47, 37, 38, 28),10)
(73,60,Set(73, 74, 75, 65, 55, 56, 57, 58, 59, 60),9)
(73,87,Set(73, 83, 84, 85, 86, 87),5)
(73,96,Set(73, 83, 93, 94, 95, 96),5)
(73,69,Set(73, 74, 75, 76, 77, 78, 79, 69),7)
(73,78,Set(73, 74, 75, 76, 77, 78),5)
(73,90,Set(73, 74, 75, 76, 77, 78, 79, 80, 90),8)
(73,99,Set(73, 83, 93, 94, 95, 96, 97, 98, 99),8)
(73,63,Set(73, 63),1)
(73,54,Set(73, 74, 64, 54),3)
(73,45,Set(73, 74, 75, 65, 55, 45),5)
(73,81,Set(73, 72, 71, 81),3)
(73,72,Set(73, 72),1)
(73,27,Set(73, 74, 75, 65, 55, 56, 57, 47, 37, 27),9)
(73,36,Set(73, 74, 75, 65, 55, 56, 46, 36),7)
(73,9,Set(73, 74, 75, 65, 55, 56, 57, 47, 37, 38, 28, 29, 19, 9),13)
(73,18,Set(73, 74, 75, 65, 55, 56, 57, 47, 37, 38, 28, 18),11)
(73,21,Set(73, 72, 71, 61, 51, 41, 31, 21),7)
(73,57,Set(73, 74, 75, 65, 55, 56, 57),6)
(73,3,Set(73, 63, 53, 43, 33, 23, 13, 3),7)
(73,12,Set(73, 63, 53, 43, 33, 23, 13, 12),7)
(73,84,Set(73, 83, 84),2)
(73,93,Set(73, 83, 93),2)
(73,75,Set(73, 74, 75),2)
(73,30,Set(73, 74, 75, 65, 55, 56, 57, 47, 37, 38, 28, 29, 30),12)
(73,39,Set(73, 74, 75, 65, 55, 56, 57, 47, 37, 38, 39),10)
(73,66,Set(73, 74, 75, 65, 66),4)
(73,15,Set(73, 74, 75, 65, 55, 45, 35, 25, 15),8)
(73,51,Set(73, 72, 71, 61, 51),4)
(73,6,Set(73, 74, 75, 65, 55, 56, 46, 36, 26, 16, 6),10)
(73,33,Set(73, 63, 53, 43, 33),4)
(73,24,Set(73, 74, 64, 54, 44, 34, 24),6)
(74,92,Set(74, 73, 83, 93, 92),4)
(74,83,Set(74, 73, 83),2)
(74,95,Set(74, 75, 85, 95),3)
(74,23,Set(74, 73, 63, 53, 43, 33, 23),6)
(74,77,Set(74, 75, 76, 77),3)
(74,86,Set(74, 75, 76, 86),3)
(74,50,Set(74, 75, 65, 55, 56, 57, 58, 59, 49, 50),9)
(74,59,Set(74, 75, 65, 55, 56, 57, 58, 59),7)
(74,41,Set(74, 73, 72, 71, 61, 51, 41),6)
(74,32,Set(74, 73, 63, 53, 43, 33, 32),6)
(74,53,Set(74, 73, 63, 53),3)
(74,17,Set(74, 75, 65, 55, 56, 57, 47, 37, 27, 17),9)
(74,44,Set(74, 64, 54, 44),3)
(74,35,Set(74, 75, 65, 55, 45, 35),5)
(74,26,Set(74, 75, 65, 55, 56, 46, 36, 26),7)
(74,80,Set(74, 75, 76, 77, 78, 79, 80),6)
(74,89,Set(74, 75, 76, 77, 78, 79, 89),6)
(74,71,Set(74, 73, 72, 71),3)
(74,98,Set(74, 75, 76, 77, 87, 97, 98),6)
(74,11,Set(74, 73, 72, 71, 61, 51, 41, 31, 21, 11),9)
(74,56,Set(74, 75, 65, 55, 56),4)
(74,29,Set(74, 75, 65, 55, 56, 57, 47, 37, 38, 28, 29),10)
(74,38,Set(74, 75, 65, 55, 56, 57, 47, 37, 38),8)
(74,47,Set(74, 75, 65, 55, 56, 57, 47),6)
(74,20,Set(74, 75, 65, 55, 56, 57, 47, 37, 38, 28, 29, 19, 20),12)
(74,65,Set(74, 75, 65),2)
(74,5,Set(74, 75, 65, 55, 45, 35, 25, 15, 5),8)
(74,14,Set(74, 64, 54, 44, 34, 24, 14),6)
(74,46,Set(74, 75, 65, 55, 56, 46),5)
(74,100,Set(74, 75, 76, 77, 87, 97, 98, 99, 100),8)
(74,91,Set(74, 73, 72, 71, 81, 91),5)
(74,55,Set(74, 75, 65, 55),3)
(74,64,Set(74, 64),1)
(74,73,Set(74, 73),1)
(74,58,Set(74, 75, 65, 55, 56, 57, 58),6)
(74,85,Set(74, 75, 85),2)
(74,94,Set(74, 84, 94),2)
(74,67,Set(74, 75, 65, 66, 67),4)
(74,40,Set(74, 75, 65, 55, 56, 57, 47, 37, 38, 39, 40),10)
(74,49,Set(74, 75, 65, 55, 56, 57, 58, 59, 49),8)
(74,4,Set(74, 64, 54, 44, 34, 24, 14, 4),7)
(74,13,Set(74, 73, 63, 53, 43, 33, 23, 13),7)
(74,31,Set(74, 73, 72, 71, 61, 51, 41, 31),7)
(74,76,Set(74, 75, 76),2)
(74,16,Set(74, 75, 65, 55, 56, 46, 36, 26, 16),8)
(74,97,Set(74, 75, 76, 77, 87, 97),5)
(74,7,Set(74, 75, 65, 55, 56, 57, 47, 37, 27, 17, 7),10)
(74,79,Set(74, 75, 76, 77, 78, 79),5)
(74,70,Set(74, 75, 76, 77, 78, 79, 80, 70),7)
(74,52,Set(74, 73, 63, 53, 52),4)
(74,43,Set(74, 73, 63, 53, 43),4)
(74,25,Set(74, 75, 65, 55, 45, 35, 25),6)
(74,34,Set(74, 64, 54, 44, 34),4)
(74,61,Set(74, 73, 72, 71, 61),4)
(74,10,Set(74, 75, 65, 55, 56, 57, 47, 37, 38, 28, 29, 19, 20, 10),13)
(74,37,Set(74, 75, 65, 55, 56, 57, 47, 37),7)
(74,1,Set(74, 73, 72, 71, 61, 51, 41, 31, 21, 11, 1),10)
(74,19,Set(74, 75, 65, 55, 56, 57, 47, 37, 38, 28, 29, 19),11)
(74,28,Set(74, 75, 65, 55, 56, 57, 47, 37, 38, 28),9)
(74,60,Set(74, 75, 65, 55, 56, 57, 58, 59, 60),8)
(74,87,Set(74, 75, 76, 77, 87),4)
(74,96,Set(74, 75, 76, 86, 96),4)
(74,69,Set(74, 75, 76, 77, 78, 79, 69),6)
(74,78,Set(74, 75, 76, 77, 78),4)
(74,90,Set(74, 75, 76, 77, 78, 79, 80, 90),7)
(74,99,Set(74, 75, 76, 77, 87, 97, 98, 99),7)
(74,63,Set(74, 73, 63),2)
(74,54,Set(74, 64, 54),2)
(74,45,Set(74, 75, 65, 55, 45),4)
(74,72,Set(74, 73, 72),2)
(74,81,Set(74, 73, 72, 71, 81),4)
(74,27,Set(74, 75, 65, 55, 56, 57, 47, 37, 27),8)
(74,36,Set(74, 75, 65, 55, 56, 46, 36),6)
(74,9,Set(74, 75, 65, 55, 56, 57, 47, 37, 38, 28, 29, 19, 9),12)
(74,18,Set(74, 75, 65, 55, 56, 57, 47, 37, 38, 28, 18),10)
(74,21,Set(74, 73, 72, 71, 61, 51, 41, 31, 21),8)
(74,57,Set(74, 75, 65, 55, 56, 57),5)
(74,3,Set(74, 73, 63, 53, 43, 33, 23, 13, 3),8)
(74,12,Set(74, 73, 63, 53, 43, 33, 23, 13, 12),8)
(74,84,Set(74, 84),1)
(74,93,Set(74, 73, 83, 93),3)
(74,75,Set(74, 75),1)
(74,30,Set(74, 75, 65, 55, 56, 57, 47, 37, 38, 28, 29, 30),11)
(74,39,Set(74, 75, 65, 55, 56, 57, 47, 37, 38, 39),9)
(74,66,Set(74, 75, 65, 66),3)
(74,15,Set(74, 75, 65, 55, 45, 35, 25, 15),7)
(74,51,Set(74, 73, 72, 71, 61, 51),5)
(74,6,Set(74, 75, 65, 55, 56, 46, 36, 26, 16, 6),9)
(74,33,Set(74, 73, 63, 53, 43, 33),5)
(74,24,Set(74, 64, 54, 44, 34, 24),5)
(75,92,Set(75, 74, 73, 83, 93, 92),5)
(75,83,Set(75, 74, 73, 83),3)
(75,23,Set(75, 65, 55, 54, 44, 43, 33, 23),7)
(75,95,Set(75, 85, 95),2)
(75,86,Set(75, 76, 86),2)
(75,77,Set(75, 76, 77),2)
(75,50,Set(75, 65, 55, 56, 57, 58, 59, 49, 50),8)
(75,32,Set(75, 65, 55, 54, 44, 43, 33, 32),7)
(75,41,Set(75, 65, 55, 54, 53, 52, 51, 41),7)
(75,59,Set(75, 65, 55, 56, 57, 58, 59),6)
(75,53,Set(75, 65, 55, 54, 53),4)
(75,17,Set(75, 65, 55, 56, 57, 47, 37, 27, 17),8)
(75,44,Set(75, 65, 55, 54, 44),4)
(75,35,Set(75, 65, 55, 45, 35),4)
(75,26,Set(75, 65, 55, 56, 46, 36, 26),6)
(75,89,Set(75, 76, 77, 78, 79, 89),5)
(75,80,Set(75, 76, 77, 78, 79, 80),5)
(75,71,Set(75, 74, 73, 72, 71),4)
(75,98,Set(75, 76, 77, 87, 97, 98),5)
(75,11,Set(75, 65, 55, 54, 44, 43, 33, 23, 13, 12, 11),10)
(75,74,Set(75, 74),1)
(75,56,Set(75, 65, 55, 56),3)
(75,29,Set(75, 65, 55, 56, 57, 47, 37, 38, 28, 29),9)
(75,38,Set(75, 65, 55, 56, 57, 47, 37, 38),7)
(75,47,Set(75, 65, 55, 56, 57, 47),5)
(75,20,Set(75, 65, 55, 56, 57, 47, 37, 38, 28, 29, 19, 20),11)
(75,65,Set(75, 65),1)
(75,5,Set(75, 65, 55, 45, 35, 25, 15, 5),7)
(75,14,Set(75, 65, 55, 54, 44, 34, 24, 14),7)
(75,46,Set(75, 65, 55, 56, 46),4)
(75,100,Set(75, 76, 77, 87, 97, 98, 99, 100),7)
(75,91,Set(75, 74, 73, 72, 71, 81, 91),6)
(75,64,Set(75, 65, 64),2)
(75,73,Set(75, 74, 73),2)
(75,55,Set(75, 65, 55),2)
(75,67,Set(75, 65, 66, 67),3)
(75,94,Set(75, 74, 84, 94),3)
(75,85,Set(75, 85),1)
(75,58,Set(75, 65, 55, 56, 57, 58),5)
(75,40,Set(75, 65, 55, 56, 57, 47, 37, 38, 39, 40),9)
(75,49,Set(75, 65, 55, 56, 57, 58, 59, 49),7)
(75,4,Set(75, 65, 55, 54, 44, 34, 24, 14, 4),8)
(75,13,Set(75, 65, 55, 54, 44, 43, 33, 23, 13),8)
(75,31,Set(75, 65, 55, 54, 44, 43, 33, 32, 31),8)
(75,76,Set(75, 76),1)
(75,16,Set(75, 65, 55, 56, 46, 36, 26, 16),7)
(75,97,Set(75, 76, 77, 87, 97),4)
(75,7,Set(75, 65, 55, 56, 57, 47, 37, 27, 17, 7),9)
(75,79,Set(75, 76, 77, 78, 79),4)
(75,70,Set(75, 76, 77, 78, 79, 80, 70),6)
(75,52,Set(75, 65, 55, 54, 53, 52),5)
(75,43,Set(75, 65, 55, 54, 44, 43),5)
(75,25,Set(75, 65, 55, 45, 35, 25),5)
(75,34,Set(75, 65, 55, 54, 44, 34),5)
(75,61,Set(75, 74, 73, 72, 71, 61),5)
(75,10,Set(75, 65, 55, 56, 57, 47, 37, 38, 28, 29, 19, 20, 10),12)
(75,37,Set(75, 65, 55, 56, 57, 47, 37),6)
(75,1,Set(75, 65, 55, 54, 44, 43, 33, 23, 13, 12, 11, 1),11)
(75,19,Set(75, 65, 55, 56, 57, 47, 37, 38, 28, 29, 19),10)
(75,28,Set(75, 65, 55, 56, 57, 47, 37, 38, 28),8)
(75,60,Set(75, 65, 55, 56, 57, 58, 59, 60),7)
(75,87,Set(75, 76, 77, 87),3)
(75,96,Set(75, 76, 86, 96),3)
(75,78,Set(75, 76, 77, 78),3)
(75,69,Set(75, 76, 77, 78, 79, 69),5)
(75,90,Set(75, 76, 77, 78, 79, 80, 90),6)
(75,63,Set(75, 65, 64, 63),3)
(75,99,Set(75, 76, 77, 87, 97, 98, 99),6)
(75,45,Set(75, 65, 55, 45),3)
(75,54,Set(75, 65, 55, 54),3)
(75,72,Set(75, 74, 73, 72),3)
(75,81,Set(75, 74, 73, 72, 71, 81),5)
(75,27,Set(75, 65, 55, 56, 57, 47, 37, 27),7)
(75,36,Set(75, 65, 55, 56, 46, 36),5)
(75,9,Set(75, 65, 55, 56, 57, 47, 37, 38, 28, 29, 19, 9),11)
(75,18,Set(75, 65, 55, 56, 57, 47, 37, 38, 28, 18),9)
(75,21,Set(75, 65, 55, 54, 44, 43, 33, 32, 31, 21),9)
(75,57,Set(75, 65, 55, 56, 57),4)
(75,3,Set(75, 65, 55, 54, 44, 43, 33, 23, 13, 3),9)
(75,12,Set(75, 65, 55, 54, 44, 43, 33, 23, 13, 12),9)
(75,84,Set(75, 74, 84),2)
(75,93,Set(75, 74, 73, 83, 93),4)
(75,30,Set(75, 65, 55, 56, 57, 47, 37, 38, 28, 29, 30),10)
(75,39,Set(75, 65, 55, 56, 57, 47, 37, 38, 39),8)
(75,66,Set(75, 65, 66),2)
(75,15,Set(75, 65, 55, 45, 35, 25, 15),6)
(75,51,Set(75, 65, 55, 54, 53, 52, 51),6)
(75,6,Set(75, 65, 55, 56, 46, 36, 26, 16, 6),8)
(75,24,Set(75, 65, 55, 54, 44, 34, 24),6)
(75,33,Set(75, 65, 55, 54, 44, 43, 33),6)
