(76,92,Set(76, 75, 74, 73, 83, 93, 92),6)
(76,83,Set(76, 75, 74, 73, 83),4)
(76,23,Set(76, 75, 65, 55, 54, 44, 43, 33, 23),8)
(76,95,Set(76, 75, 85, 95),3)
(76,86,Set(76, 86),1)
(76,77,Set(76, 77),1)
(76,41,Set(76, 75, 65, 55, 54, 53, 52, 51, 41),8)
(76,32,Set(76, 75, 65, 55, 54, 44, 43, 33, 32),8)
(76,50,Set(76, 77, 67, 57, 58, 59, 49, 50),7)
(76,59,Set(76, 77, 67, 57, 58, 59),5)
(76,53,Set(76, 75, 65, 55, 54, 53),5)
(76,17,Set(76, 77, 67, 57, 47, 37, 27, 17),7)
(76,35,Set(76, 75, 65, 55, 45, 35),5)
(76,44,Set(76, 75, 65, 55, 54, 44),5)
(76,26,Set(76, 66, 56, 46, 36, 26),5)
(76,89,Set(76, 77, 78, 79, 89),4)
(76,80,Set(76, 77, 78, 79, 80),4)
(76,98,Set(76, 77, 87, 97, 98),4)
(76,71,Set(76, 75, 74, 73, 72, 71),5)
(76,11,Set(76, 75, 65, 55, 54, 44, 43, 33, 23, 13, 12, 11),11)
(76,74,Set(76, 75, 74),2)
(76,56,Set(76, 66, 56),2)
(76,29,Set(76, 77, 67, 57, 47, 37, 38, 28, 29),8)
(76,47,Set(76, 77, 67, 57, 47),4)
(76,38,Set(76, 77, 67, 57, 47, 37, 38),6)
(76,20,Set(76, 77, 67, 57, 47, 37, 38, 28, 29, 19, 20),10)
(76,65,Set(76, 75, 65),2)
(76,5,Set(76, 75, 65, 55, 45, 35, 25, 15, 5),8)
(76,14,Set(76, 75, 65, 55, 54, 44, 34, 24, 14),8)
(76,46,Set(76, 66, 56, 46),3)
(76,100,Set(76, 77, 87, 97, 98, 99, 100),6)
(76,91,Set(76, 75, 74, 73, 72, 71, 81, 91),7)
(76,73,Set(76, 75, 74, 73),3)
(76,64,Set(76, 75, 65, 64),3)
(76,55,Set(76, 75, 65, 55),3)
(76,58,Set(76, 77, 67, 57, 58),4)
(76,67,Set(76, 77, 67),2)
(76,85,Set(76, 75, 85),2)
(76,94,Set(76, 75, 74, 84, 94),4)
(76,40,Set(76, 77, 67, 57, 47, 37, 38, 39, 40),8)
(76,49,Set(76, 77, 67, 57, 58, 59, 49),6)
(76,4,Set(76, 75, 65, 55, 54, 44, 34, 24, 14, 4),9)
(76,13,Set(76, 75, 65, 55, 54, 44, 43, 33, 23, 13),9)
(76,31,Set(76, 75, 65, 55, 54, 44, 43, 33, 32, 31),9)
(76,16,Set(76, 66, 56, 46, 36, 26, 16),6)
(76,97,Set(76, 77, 87, 97),3)
(76,7,Set(76, 77, 67, 57, 47, 37, 27, 17, 7),8)
(76,79,Set(76, 77, 78, 79),3)
(76,52,Set(76, 75, 65, 55, 54, 53, 52),6)
(76,43,Set(76, 75, 65, 55, 54, 44, 43),6)
(76,70,Set(76, 77, 78, 79, 80, 70),5)
(76,25,Set(76, 75, 65, 55, 45, 35, 25),6)
(76,34,Set(76, 75, 65, 55, 54, 44, 34),6)
(76,61,Set(76, 75, 74, 73, 72, 71, 61),6)
(76,10,Set(76, 77, 67, 57, 47, 37, 38, 28, 29, 19, 20, 10),11)
(76,37,Set(76, 77, 67, 57, 47, 37),5)
(76,1,Set(76, 75, 65, 55, 54, 44, 43, 33, 23, 13, 12, 11, 1),12)
(76,19,Set(76, 77, 67, 57, 47, 37, 38, 28, 29, 19),9)
(76,28,Set(76, 77, 67, 57, 47, 37, 38, 28),7)
(76,60,Set(76, 77, 67, 57, 58, 59, 60),6)
(76,87,Set(76, 77, 87),2)
(76,96,Set(76, 86, 96),2)
(76,78,Set(76, 77, 78),2)
(76,69,Set(76, 77, 78, 79, 69),4)
(76,63,Set(76, 75, 65, 64, 63),4)
(76,99,Set(76, 77, 87, 97, 98, 99),5)
(76,90,Set(76, 77, 78, 79, 80, 90),5)
(76,45,Set(76, 75, 65, 55, 45),4)
(76,54,Set(76, 75, 65, 55, 54),4)
(76,81,Set(76, 75, 74, 73, 72, 71, 81),6)
(76,72,Set(76, 75, 74, 73, 72),4)
(76,36,Set(76, 66, 56, 46, 36),4)
(76,27,Set(76, 77, 67, 57, 47, 37, 27),6)
(76,9,Set(76, 77, 67, 57, 47, 37, 38, 28, 29, 19, 9),10)
(76,18,Set(76, 77, 67, 57, 47, 37, 38, 28, 18),8)
(76,21,Set(76, 75, 65, 55, 54, 44, 43, 33, 32, 31, 21),10)
(76,57,Set(76, 77, 67, 57),3)
(76,3,Set(76, 75, 65, 55, 54, 44, 43, 33, 23, 13, 3),10)
(76,12,Set(76, 75, 65, 55, 54, 44, 43, 33, 23, 13, 12),10)
(76,84,Set(76, 75, 74, 84),3)
(76,93,Set(76, 75, 74, 73, 83, 93),5)
(76,75,Set(76, 75),1)
(76,30,Set(76, 77, 67, 57, 47, 37, 38, 28, 29, 30),9)
(76,39,Set(76, 77, 67, 57, 47, 37, 38, 39),7)
(76,66,Set(76, 66),1)
(76,15,Set(76, 75, 65, 55, 45, 35, 25, 15),7)
(76,51,Set(76, 75, 65, 55, 54, 53, 52, 51),7)
(76,6,Set(76, 66, 56, 46, 36, 26, 16, 6),7)
(76,24,Set(76, 75, 65, 55, 54, 44, 34, 24),7)
(76,33,Set(76, 75, 65, 55, 54, 44, 43, 33),7)
(77,92,Set(77, 76, 75, 74, 73, 83, 93, 92),7)
(77,83,Set(77, 76, 75, 74, 73, 83),5)
(77,23,Set(77, 76, 75, 65, 55, 54, 44, 43, 33, 23),9)
(77,95,Set(77, 76, 75, 85, 95),4)
(77,86,Set(77, 76, 86),2)
(77,41,Set(77, 76, 75, 65, 55, 54, 53, 52, 51, 41),9)
(77,32,Set(77, 76, 75, 65, 55, 54, 44, 43, 33, 32),9)
(77,59,Set(77, 67, 57, 58, 59),4)
(77,50,Set(77, 67, 57, 58, 59, 49, 50),6)
(77,53,Set(77, 76, 75, 65, 55, 54, 53),6)
(77,17,Set(77, 67, 57, 47, 37, 27, 17),6)
(77,35,Set(77, 76, 75, 65, 55, 45, 35),6)
(77,44,Set(77, 76, 75, 65, 55, 54, 44),6)
(77,26,Set(77, 76, 66, 56, 46, 36, 26),6)
(77,89,Set(77, 78, 79, 89),3)
(77,80,Set(77, 78, 79, 80),3)
(77,71,Set(77, 76, 75, 74, 73, 72, 71),6)
(77,98,Set(77, 87, 97, 98),3)
(77,11,Set(77, 76, 75, 65, 55, 54, 44, 43, 33, 23, 13, 12, 11),12)
(77,74,Set(77, 76, 75, 74),3)
(77,56,Set(77, 76, 66, 56),3)
(77,29,Set(77, 67, 57, 47, 37, 38, 28, 29),7)
(77,47,Set(77, 67, 57, 47),3)
(77,38,Set(77, 67, 57, 47, 37, 38),5)
(77,20,Set(77, 67, 57, 47, 37, 38, 28, 29, 19, 20),9)
(77,65,Set(77, 76, 75, 65),3)
(77,5,Set(77, 76, 75, 65, 55, 45, 35, 25, 15, 5),9)
(77,14,Set(77, 76, 75, 65, 55, 54, 44, 34, 24, 14),9)
(77,46,Set(77, 76, 66, 56, 46),4)
(77,100,Set(77, 87, 97, 98, 99, 100),5)
(77,91,Set(77, 76, 75, 74, 73, 72, 71, 81, 91),8)
(77,55,Set(77, 76, 75, 65, 55),4)
(77,64,Set(77, 76, 75, 65, 64),4)
(77,73,Set(77, 76, 75, 74, 73),4)
(77,85,Set(77, 76, 75, 85),3)
(77,58,Set(77, 67, 57, 58),3)
(77,67,Set(77, 67),1)
(77,94,Set(77, 76, 75, 74, 84, 94),5)
(77,40,Set(77, 67, 57, 47, 37, 38, 39, 40),7)
(77,49,Set(77, 67, 57, 58, 59, 49),5)
(77,4,Set(77, 76, 75, 65, 55, 54, 44, 34, 24, 14, 4),10)
(77,13,Set(77, 76, 75, 65, 55, 54, 44, 43, 33, 23, 13),10)
(77,31,Set(77, 76, 75, 65, 55, 54, 44, 43, 33, 32, 31),10)
(77,76,Set(77, 76),1)
(77,16,Set(77, 76, 66, 56, 46, 36, 26, 16),7)
(77,97,Set(77, 87, 97),2)
(77,7,Set(77, 67, 57, 47, 37, 27, 17, 7),7)
(77,79,Set(77, 78, 79),2)
(77,52,Set(77, 76, 75, 65, 55, 54, 53, 52),7)
(77,43,Set(77, 76, 75, 65, 55, 54, 44, 43),7)
(77,70,Set(77, 78, 79, 80, 70),4)
(77,25,Set(77, 76, 75, 65, 55, 45, 35, 25),7)
(77,34,Set(77, 76, 75, 65, 55, 54, 44, 34),7)
(77,61,Set(77, 76, 75, 74, 73, 72, 71, 61),7)
(77,10,Set(77, 67, 57, 47, 37, 38, 28, 29, 19, 20, 10),10)
(77,37,Set(77, 67, 57, 47, 37),4)
(77,1,Set(77, 76, 75, 65, 55, 54, 44, 43, 33, 23, 13, 12, 11, 1),13)
(77,19,Set(77, 67, 57, 47, 37, 38, 28, 29, 19),8)
(77,28,Set(77, 67, 57, 47, 37, 38, 28),6)
(77,60,Set(77, 67, 57, 58, 59, 60),5)
(77,87,Set(77, 87),1)
(77,96,Set(77, 76, 86, 96),3)
(77,78,Set(77, 78),1)
(77,69,Set(77, 78, 79, 69),3)
(77,90,Set(77, 78, 79, 80, 90),4)
(77,99,Set(77, 87, 97, 98, 99),4)
(77,63,Set(77, 76, 75, 65, 64, 63),5)
(77,45,Set(77, 76, 75, 65, 55, 45),5)
(77,54,Set(77, 76, 75, 65, 55, 54),5)
(77,81,Set(77, 76, 75, 74, 73, 72, 71, 81),7)
(77,72,Set(77, 76, 75, 74, 73, 72),5)
(77,36,Set(77, 76, 66, 56, 46, 36),5)
(77,27,Set(77, 67, 57, 47, 37, 27),5)
(77,9,Set(77, 67, 57, 47, 37, 38, 28, 29, 19, 9),9)
(77,18,Set(77, 67, 57, 47, 37, 38, 28, 18),7)
(77,21,Set(77, 76, 75, 65, 55, 54, 44, 43, 33, 32, 31, 21),11)
(77,57,Set(77, 67, 57),2)
(77,3,Set(77, 76, 75, 65, 55, 54, 44, 43, 33, 23, 13, 3),11)
(77,12,Set(77, 76, 75, 65, 55, 54, 44, 43, 33, 23, 13, 12),11)
(77,84,Set(77, 76, 75, 74, 84),4)
(77,93,Set(77, 76, 75, 74, 73, 83, 93),6)
(77,75,Set(77, 76, 75),2)
(77,30,Set(77, 67, 57, 47, 37, 38, 28, 29, 30),8)
(77,39,Set(77, 67, 57, 47, 37, 38, 39),6)
(77,66,Set(77, 76, 66),2)
(77,15,Set(77, 76, 75, 65, 55, 45, 35, 25, 15),8)
(77,51,Set(77, 76, 75, 65, 55, 54, 53, 52, 51),8)
(77,6,Set(77, 76, 66, 56, 46, 36, 26, 16, 6),8)
(77,24,Set(77, 76, 75, 65, 55, 54, 44, 34, 24),8)
(77,33,Set(77, 76, 75, 65, 55, 54, 44, 43, 33),8)
(78,92,Set(78, 77, 76, 75, 74, 73, 83, 93, 92),8)
(78,83,Set(78, 77, 76, 75, 74, 73, 83),6)
(78,23,Set(78, 77, 76, 75, 65, 55, 54, 44, 43, 33, 23),10)
(78,95,Set(78, 77, 76, 75, 85, 95),5)
(78,86,Set(78, 77, 76, 86),3)
(78,77,Set(78, 77),1)
(78,41,Set(78, 77, 76, 75, 65, 55, 54, 53, 52, 51, 41),10)
(78,32,Set(78, 77, 76, 75, 65, 55, 54, 44, 43, 33, 32),10)
(78,59,Set(78, 79, 69, 59),3)
(78,50,Set(78, 79, 80, 70, 60, 50),5)
(78,53,Set(78, 77, 76, 75, 65, 55, 54, 53),7)
(78,17,Set(78, 77, 67, 57, 47, 37, 27, 17),7)
(78,44,Set(78, 77, 76, 75, 65, 55, 54, 44),7)
(78,35,Set(78, 77, 76, 75, 65, 55, 45, 35),7)
(78,26,Set(78, 77, 76, 66, 56, 46, 36, 26),7)
(78,89,Set(78, 79, 89),2)
(78,80,Set(78, 79, 80),2)
(78,71,Set(78, 77, 76, 75, 74, 73, 72, 71),7)
(78,98,Set(78, 77, 87, 97, 98),4)
(78,11,Set(78, 77, 76, 75, 65, 55, 54, 44, 43, 33, 23, 13, 12, 11),13)
(78,74,Set(78, 77, 76, 75, 74),4)
(78,56,Set(78, 77, 76, 66, 56),4)
(78,47,Set(78, 77, 67, 57, 47),4)
(78,38,Set(78, 77, 67, 57, 47, 37, 38),6)
(78,29,Set(78, 79, 69, 59, 49, 39, 29),6)
(78,20,Set(78, 79, 80, 70, 60, 50, 40, 30, 20),8)
(78,65,Set(78, 77, 76, 75, 65),4)
(78,5,Set(78, 77, 76, 75, 65, 55, 45, 35, 25, 15, 5),10)
(78,14,Set(78, 77, 76, 75, 65, 55, 54, 44, 34, 24, 14),10)
(78,46,Set(78, 77, 76, 66, 56, 46),5)
(78,100,Set(78, 79, 80, 90, 100),4)
(78,91,Set(78, 77, 76, 75, 74, 73, 72, 71, 81, 91),9)
(78,55,Set(78, 77, 76, 75, 65, 55),5)
(78,64,Set(78, 77, 76, 75, 65, 64),5)
(78,73,Set(78, 77, 76, 75, 74, 73),5)
(78,58,Set(78, 77, 67, 57, 58),4)
(78,67,Set(78, 77, 67),2)
(78,85,Set(78, 77, 76, 75, 85),4)
(78,94,Set(78, 77, 76, 75, 74, 84, 94),6)
(78,49,Set(78, 79, 69, 59, 49),4)
(78,40,Set(78, 79, 80, 70, 60, 50, 40),6)
(78,4,Set(78, 77, 76, 75, 65, 55, 54, 44, 34, 24, 14, 4),11)
(78,13,Set(78, 77, 76, 75, 65, 55, 54, 44, 43, 33, 23, 13),11)
(78,31,Set(78, 77, 76, 75, 65, 55, 54, 44, 43, 33, 32, 31),11)
(78,76,Set(78, 77, 76),2)
(78,16,Set(78, 77, 76, 66, 56, 46, 36, 26, 16),8)
(78,97,Set(78, 77, 87, 97),3)
(78,7,Set(78, 77, 67, 57, 47, 37, 27, 17, 7),8)
(78,79,Set(78, 79),1)
(78,52,Set(78, 77, 76, 75, 65, 55, 54, 53, 52),8)
(78,43,Set(78, 77, 76, 75, 65, 55, 54, 44, 43),8)
(78,70,Set(78, 79, 80, 70),3)
(78,25,Set(78, 77, 76, 75, 65, 55, 45, 35, 25),8)
(78,34,Set(78, 77, 76, 75, 65, 55, 54, 44, 34),8)
(78,61,Set(78, 77, 76, 75, 74, 73, 72, 71, 61),8)
(78,10,Set(78, 79, 80, 70, 60, 50, 40, 30, 20, 10),9)
(78,37,Set(78, 77, 67, 57, 47, 37),5)
(78,1,Set(78, 77, 76, 75, 65, 55, 54, 44, 43, 33, 23, 13, 12, 11, 1),14)
(78,19,Set(78, 79, 69, 59, 49, 39, 29, 19),7)
(78,28,Set(78, 77, 67, 57, 47, 37, 38, 28),7)
(78,60,Set(78, 79, 80, 70, 60),4)
(78,87,Set(78, 77, 87),2)
(78,96,Set(78, 77, 76, 86, 96),4)
(78,69,Set(78, 79, 69),2)
(78,99,Set(78, 79, 89, 99),3)
(78,90,Set(78, 79, 80, 90),3)
(78,63,Set(78, 77, 76, 75, 65, 64, 63),6)
(78,45,Set(78, 77, 76, 75, 65, 55, 45),6)
(78,54,Set(78, 77, 76, 75, 65, 55, 54),6)
(78,81,Set(78, 77, 76, 75, 74, 73, 72, 71, 81),8)
(78,72,Set(78, 77, 76, 75, 74, 73, 72),6)
(78,36,Set(78, 77, 76, 66, 56, 46, 36),6)
(78,27,Set(78, 77, 67, 57, 47, 37, 27),6)
(78,9,Set(78, 79, 69, 59, 49, 39, 29, 19, 9),8)
(78,18,Set(78, 77, 67, 57, 47, 37, 38, 28, 18),8)
(78,21,Set(78, 77, 76, 75, 65, 55, 54, 44, 43, 33, 32, 31, 21),12)
(78,57,Set(78, 77, 67, 57),3)
(78,3,Set(78, 77, 76, 75, 65, 55, 54, 44, 43, 33, 23, 13, 3),12)
(78,12,Set(78, 77, 76, 75, 65, 55, 54, 44, 43, 33, 23, 13, 12),12)
(78,84,Set(78, 77, 76, 75, 74, 84),5)
(78,93,Set(78, 77, 76, 75, 74, 73, 83, 93),7)
(78,75,Set(78, 77, 76, 75),3)
(78,30,Set(78, 79, 80, 70, 60, 50, 40, 30),7)
(78,39,Set(78, 79, 69, 59, 49, 39),5)
(78,66,Set(78, 77, 76, 66),3)
(78,15,Set(78, 77, 76, 75, 65, 55, 45, 35, 25, 15),9)
(78,51,Set(78, 77, 76, 75, 65, 55, 54, 53, 52, 51),9)
(78,6,Set(78, 77, 76, 66, 56, 46, 36, 26, 16, 6),9)
(78,24,Set(78, 77, 76, 75, 65, 55, 54, 44, 34, 24),9)
(78,33,Set(78, 77, 76, 75, 65, 55, 54, 44, 43, 33),9)
(79,92,Set(79, 89, 99, 98, 97, 96, 95, 94, 93, 92),9)
(79,83,Set(79, 78, 77, 76, 75, 74, 73, 83),7)
(79,23,Set(79, 69, 59, 58, 57, 47, 46, 36, 26, 25, 24, 23),11)
(79,95,Set(79, 89, 99, 98, 97, 96, 95),6)
(79,86,Set(79, 78, 77, 76, 86),4)
(79,77,Set(79, 78, 77),2)
(79,41,Set(79, 69, 59, 58, 57, 56, 55, 54, 53, 52, 51, 41),11)
(79,32,Set(79, 69, 59, 58, 57, 47, 46, 36, 35, 34, 33, 32),11)
(79,50,Set(79, 80, 70, 60, 50),4)
(79,59,Set(79, 69, 59),2)
(79,53,Set(79, 69, 59, 58, 57, 56, 55, 54, 53),8)
(79,17,Set(79, 69, 59, 58, 57, 47, 37, 27, 17),8)
(79,44,Set(79, 69, 59, 58, 57, 47, 46, 45, 44),8)
(79,35,Set(79, 69, 59, 58, 57, 47, 46, 36, 35),8)
(79,26,Set(79, 69, 59, 58, 57, 47, 46, 36, 26),8)
(79,89,Set(79, 89),1)
(79,80,Set(79, 80),1)
(79,71,Set(79, 78, 77, 76, 75, 74, 73, 72, 71),8)
(79,98,Set(79, 89, 99, 98),3)
(79,11,Set(79, 69, 59, 58, 57, 47, 46, 36, 26, 25, 24, 23, 13, 12, 11),14)
(79,74,Set(79, 78, 77, 76, 75, 74),5)
(79,56,Set(79, 69, 59, 58, 57, 56),5)
(79,47,Set(79, 69, 59, 58, 57, 47),5)
(79,38,Set(79, 69, 59, 49, 39, 38),5)
(79,29,Set(79, 69, 59, 49, 39, 29),5)
(79,20,Set(79, 80, 70, 60, 50, 40, 30, 20),7)
(79,65,Set(79, 78, 77, 76, 75, 65),5)
(79,5,Set(79, 69, 59, 58, 57, 47, 46, 36, 26, 25, 15, 5),11)
(79,14,Set(79, 69, 59, 58, 57, 47, 46, 36, 26, 25, 24, 14),11)
(79,46,Set(79, 69, 59, 58, 57, 47, 46),6)
(79,100,Set(79, 80, 90, 100),3)
(79,91,Set(79, 89, 99, 98, 97, 96, 95, 94, 93, 92, 91),10)
(79,55,Set(79, 69, 59, 58, 57, 56, 55),6)
(79,64,Set(79, 78, 77, 76, 75, 65, 64),6)
(79,73,Set(79, 78, 77, 76, 75, 74, 73),6)
(79,58,Set(79, 69, 59, 58),3)
(79,67,Set(79, 78, 77, 67),3)
(79,85,Set(79, 78, 77, 76, 75, 85),5)
(79,94,Set(79, 89, 99, 98, 97, 96, 95, 94),7)
(79,49,Set(79, 69, 59, 49),3)
(79,40,Set(79, 80, 70, 60, 50, 40),5)
(79,4,Set(79, 69, 59, 58, 57, 47, 46, 36, 26, 25, 24, 14, 4),12)
(79,13,Set(79, 69, 59, 58, 57, 47, 46, 36, 26, 25, 24, 23, 13),12)
(79,31,Set(79, 69, 59, 58, 57, 47, 46, 36, 35, 34, 33, 32, 31),12)
(79,76,Set(79, 78, 77, 76),3)
(79,16,Set(79, 69, 59, 58, 57, 47, 46, 36, 26, 16),9)
(79,97,Set(79, 89, 99, 98, 97),4)
(79,7,Set(79, 69, 59, 58, 57, 47, 37, 27, 17, 7),9)
(79,52,Set(79, 69, 59, 58, 57, 56, 55, 54, 53, 52),9)
(79,43,Set(79, 69, 59, 58, 57, 47, 46, 45, 44, 43),9)
(79,70,Set(79, 80, 70),2)
(79,25,Set(79, 69, 59, 58, 57, 47, 46, 36, 26, 25),9)
(79,34,Set(79, 69, 59, 58, 57, 47, 46, 36, 35, 34),9)
(79,61,Set(79, 78, 77, 76, 75, 74, 73, 72, 71, 61),9)
(79,10,Set(79, 80, 70, 60, 50, 40, 30, 20, 10),8)
(79,37,Set(79, 69, 59, 58, 57, 47, 37),6)
(79,1,Set(79, 69, 59, 58, 57, 47, 46, 36, 26, 25, 24, 23, 13, 12, 11, 1),15)
(79,28,Set(79, 69, 59, 49, 39, 29, 28),6)
(79,19,Set(79, 69, 59, 49, 39, 29, 19),6)
(79,60,Set(79, 80, 70, 60),3)
(79,87,Set(79, 78, 77, 87),3)
(79,96,Set(79, 89, 99, 98, 97, 96),5)
(79,78,Set(79, 78),1)
(79,69,Set(79, 69),1)
(79,99,Set(79, 89, 99),2)
(79,90,Set(79, 80, 90),2)
(79,63,Set(79, 78, 77, 76, 75, 65, 64, 63),7)
(79,45,Set(79, 69, 59, 58, 57, 47, 46, 45),7)
(79,54,Set(79, 69, 59, 58, 57, 56, 55, 54),7)
(79,81,Set(79, 78, 77, 76, 75, 74, 73, 72, 71, 81),9)
(79,72,Set(79, 78, 77, 76, 75, 74, 73, 72),7)
(79,36,Set(79, 69, 59, 58, 57, 47, 46, 36),7)
(79,27,Set(79, 69, 59, 58, 57, 47, 37, 27),7)
(79,9,Set(79, 69, 59, 49, 39, 29, 19, 9),7)
(79,18,Set(79, 69, 59, 49, 39, 29, 28, 18),7)
(79,21,Set(79, 69, 59, 58, 57, 47, 46, 36, 35, 34, 33, 32, 31, 21),13)
(79,57,Set(79, 69, 59, 58, 57),4)
(79,3,Set(79, 69, 59, 58, 57, 47, 46, 36, 26, 25, 24, 23, 13, 3),13)
(79,12,Set(79, 69, 59, 58, 57, 47, 46, 36, 26, 25, 24, 23, 13, 12),13)
(79,84,Set(79, 78, 77, 76, 75, 74, 84),6)
(79,93,Set(79, 89, 99, 98, 97, 96, 95, 94, 93),8)
(79,75,Set(79, 78, 77, 76, 75),4)
(79,30,Set(79, 80, 70, 60, 50, 40, 30),6)
(79,39,Set(79, 69, 59, 49, 39),4)
(79,66,Set(79, 78, 77, 76, 66),4)
(79,15,Set(79, 69, 59, 58, 57, 47, 46, 36, 26, 25, 15),10)
(79,51,Set(79, 69, 59, 58, 57, 56, 55, 54, 53, 52, 51),10)
(79,6,Set(79, 69, 59, 58, 57, 47, 46, 36, 26, 16, 6),10)
(79,24,Set(79, 69, 59, 58, 57, 47, 46, 36, 26, 25, 24),10)
(79,33,Set(79, 69, 59, 58, 57, 47, 46, 36, 35, 34, 33),10)
(80,92,Set(80, 79, 89, 99, 98, 97, 96, 95, 94, 93, 92),10)
(80,83,Set(80, 79, 78, 77, 76, 75, 74, 73, 83),8)
(80,23,Set(80, 79, 69, 59, 58, 57, 47, 46, 36, 26, 25, 24, 23),12)
(80,95,Set(80, 79, 89, 99, 98, 97, 96, 95),7)
(80,86,Set(80, 79, 78, 77, 76, 86),5)
(80,77,Set(80, 79, 78, 77),3)
(80,41,Set(80, 79, 69, 59, 58, 57, 56, 55, 54, 53, 52, 51, 41),12)
(80,32,Set(80, 79, 69, 59, 58, 57, 47, 46, 36, 35, 34, 33, 32),12)
(80,50,Set(80, 70, 60, 50),3)
(80,59,Set(80, 79, 69, 59),3)
(80,53,Set(80, 79, 69, 59, 58, 57, 56, 55, 54, 53),9)
(80,44,Set(80, 79, 69, 59, 58, 57, 47, 46, 45, 44),9)
(80,35,Set(80, 79, 69, 59, 58, 57, 47, 46, 36, 35),9)
(80,17,Set(80, 79, 69, 59, 58, 57, 47, 37, 27, 17),9)
(80,26,Set(80, 79, 69, 59, 58, 57, 47, 46, 36, 26),9)
(80,89,Set(80, 79, 89),2)
(80,71,Set(80, 79, 78, 77, 76, 75, 74, 73, 72, 71),9)
(80,98,Set(80, 79, 89, 99, 98),4)
(80,11,Set(80, 79, 69, 59, 58, 57, 47, 46, 36, 26, 25, 24, 23, 13, 12, 11),15)
(80,74,Set(80, 79, 78, 77, 76, 75, 74),6)
(80,56,Set(80, 79, 69, 59, 58, 57, 56),6)
(80,38,Set(80, 79, 69, 59, 49, 39, 38),6)
(80,29,Set(80, 79, 69, 59, 49, 39, 29),6)
(80,47,Set(80, 79, 69, 59, 58, 57, 47),6)
(80,20,Set(80, 70, 60, 50, 40, 30, 20),6)
(80,65,Set(80, 79, 78, 77, 76, 75, 65),6)
(80,5,Set(80, 79, 69, 59, 58, 57, 47, 46, 36, 26, 25, 15, 5),12)
(80,14,Set(80, 79, 69, 59, 58, 57, 47, 46, 36, 26, 25, 24, 14),12)
(80,46,Set(80, 79, 69, 59, 58, 57, 47, 46),7)
(80,100,Set(80, 90, 100),2)
(80,91,Set(80, 79, 89, 99, 98, 97, 96, 95, 94, 93, 92, 91),11)
(80,55,Set(80, 79, 69, 59, 58, 57, 56, 55),7)
(80,64,Set(80, 79, 78, 77, 76, 75, 65, 64),7)
(80,73,Set(80, 79, 78, 77, 76, 75, 74, 73),7)
(80,94,Set(80, 79, 89, 99, 98, 97, 96, 95, 94),8)
(80,67,Set(80, 79, 78, 77, 67),4)
(80,58,Set(80, 79, 69, 59, 58),4)
(80,85,Set(80, 79, 78, 77, 76, 75, 85),6)
(80,40,Set(80, 70, 60, 50, 40),4)
(80,49,Set(80, 79, 69, 59, 49),4)
(80,13,Set(80, 79, 69, 59, 58, 57, 47, 46, 36, 26, 25, 24, 23, 13),13)
(80,4,Set(80, 79, 69, 59, 58, 57, 47, 46, 36, 26, 25, 24, 14, 4),13)
(80,31,Set(80, 79, 69, 59, 58, 57, 47, 46, 36, 35, 34, 33, 32, 31),13)
(80,76,Set(80, 79, 78, 77, 76),4)
(80,16,Set(80, 79, 69, 59, 58, 57, 47, 46, 36, 26, 16),10)
(80,97,Set(80, 79, 89, 99, 98, 97),5)
(80,7,Set(80, 79, 69, 59, 58, 57, 47, 37, 27, 17, 7),10)
(80,79,Set(80, 79),1)
(80,52,Set(80, 79, 69, 59, 58, 57, 56, 55, 54, 53, 52),10)
(80,43,Set(80, 79, 69, 59, 58, 57, 47, 46, 45, 44, 43),10)
(80,70,Set(80, 70),1)
(80,25,Set(80, 79, 69, 59, 58, 57, 47, 46, 36, 26, 25),10)
(80,34,Set(80, 79, 69, 59, 58, 57, 47, 46, 36, 35, 34),10)
(80,61,Set(80, 79, 78, 77, 76, 75, 74, 73, 72, 71, 61),10)
(80,10,Set(80, 70, 60, 50, 40, 30, 20, 10),7)
(80,37,Set(80, 79, 69, 59, 58, 57, 47, 37),7)
(80,1,Set(80, 79, 69, 59, 58, 57, 47, 46, 36, 26, 25, 24, 23, 13, 12, 11, 1),16)
(80,28,Set(80, 79, 69, 59, 49, 39, 29, 28),7)
(80,19,Set(80, 79, 69, 59, 49, 39, 29, 19),7)
(80,60,Set(80, 70, 60),2)
(80,87,Set(80, 79, 78, 77, 87),4)
(80,96,Set(80, 79, 89, 99, 98, 97, 96),6)
(80,69,Set(80, 79, 69),2)
(80,78,Set(80, 79, 78),2)
(80,63,Set(80, 79, 78, 77, 76, 75, 65, 64, 63),8)
(80,90,Set(80, 90),1)
(80,99,Set(80, 79, 89, 99),3)
(80,54,Set(80, 79, 69, 59, 58, 57, 56, 55, 54),8)
(80,45,Set(80, 79, 69, 59, 58, 57, 47, 46, 45),8)
(80,81,Set(80, 79, 78, 77, 76, 75, 74, 73, 72, 71, 81),10)
(80,72,Set(80, 79, 78, 77, 76, 75, 74, 73, 72),8)
(80,27,Set(80, 79, 69, 59, 58, 57, 47, 37, 27),8)
(80,36,Set(80, 79, 69, 59, 58, 57, 47, 46, 36),8)
(80,18,Set(80, 79, 69, 59, 49, 39, 29, 28, 18),8)
(80,9,Set(80, 79, 69, 59, 49, 39, 29, 19, 9),8)
(80,21,Set(80, 79, 69, 59, 58, 57, 47, 46, 36, 35, 34, 33, 32, 31, 21),14)
(80,57,Set(80, 79, 69, 59, 58, 57),5)
(80,12,Set(80, 79, 69, 59, 58, 57, 47, 46, 36, 26, 25, 24, 23, 13, 12),14)
(80,3,Set(80, 79, 69, 59, 58, 57, 47, 46, 36, 26, 25, 24, 23, 13, 3),14)
(80,84,Set(80, 79, 78, 77, 76, 75, 74, 84),7)
(80,93,Set(80, 79, 89, 99, 98, 97, 96, 95, 94, 93),9)
(80,75,Set(80, 79, 78, 77, 76, 75),5)
(80,30,Set(80, 70, 60, 50, 40, 30),5)
(80,39,Set(80, 79, 69, 59, 49, 39),5)
(80,66,Set(80, 79, 78, 77, 76, 66),5)
(80,15,Set(80, 79, 69, 59, 58, 57, 47, 46, 36, 26, 25, 15),11)
(80,51,Set(80, 79, 69, 59, 58, 57, 56, 55, 54, 53, 52, 51),11)
(80,33,Set(80, 79, 69, 59, 58, 57, 47, 46, 36, 35, 34, 33),11)
(80,24,Set(80, 79, 69, 59, 58, 57, 47, 46, 36, 26, 25, 24),11)
(80,6,Set(80, 79, 69, 59, 58, 57, 47, 46, 36, 26, 16, 6),11)
(81,92,Set(81, 91, 92),2)
(81,83,Set(81, 91, 92, 93, 83),4)
(81,95,Set(81, 91, 92, 93, 94, 95),5)
(81,23,Set(81, 71, 61, 51, 41, 31, 32, 33, 23),8)
(81,86,Set(81, 91, 92, 93, 94, 95, 85, 86),7)
(81,77,Set(81, 71, 72, 73, 74, 75, 76, 77),7)
(81,50,Set(81, 71, 61, 51, 52, 53, 54, 55, 56, 57, 58, 59, 49, 50),13)
(81,59,Set(81, 71, 61, 51, 52, 53, 54, 55, 56, 57, 58, 59),11)
(81,41,Set(81, 71, 61, 51, 41),4)
(81,32,Set(81, 71, 61, 51, 41, 31, 32),6)
(81,53,Set(81, 71, 61, 51, 52, 53),5)
(81,17,Set(81, 71, 61, 51, 41, 31, 21, 11, 12, 13, 14, 15, 16, 17),13)
(81,44,Set(81, 71, 61, 51, 52, 53, 43, 44),7)
(81,35,Set(81, 71, 61, 51, 41, 31, 32, 33, 34, 35),9)
(81,26,Set(81, 71, 61, 51, 41, 31, 32, 33, 23, 24, 25, 26),11)
(81,80,Set(81, 71, 72, 73, 74, 75, 76, 77, 78, 79, 80),10)
(81,89,Set(81, 91, 92, 93, 94, 95, 96, 97, 98, 99, 89),10)
(81,71,Set(81, 71),1)
(81,98,Set(81, 91, 92, 93, 94, 95, 96, 97, 98),8)
(81,11,Set(81, 71, 61, 51, 41, 31, 21, 11),7)
(81,74,Set(81, 71, 72, 73, 74),4)
(81,56,Set(81, 71, 61, 51, 52, 53, 54, 55, 56),8)
(81,29,Set(81, 71, 61, 51, 41, 31, 32, 33, 23, 24, 25, 26, 27, 28, 29),14)
(81,38,Set(81, 71, 61, 51, 41, 31, 32, 33, 34, 35, 36, 37, 38),12)
(81,47,Set(81, 71, 61, 51, 52, 53, 43, 44, 45, 46, 47),10)
(81,20,Set(81, 71, 61, 51, 41, 31, 21, 11, 12, 13, 14, 15, 16, 17, 18, 19, 20),16)
(81,65,Set(81, 71, 72, 73, 74, 75, 65),6)
(81,5,Set(81, 71, 61, 51, 41, 31, 21, 11, 12, 13, 14, 4, 5),12)
(81,14,Set(81, 71, 61, 51, 41, 31, 21, 11, 12, 13, 14),10)
(81,46,Set(81, 71, 61, 51, 52, 53, 43, 44, 45, 46),9)
(81,100,Set(81, 91, 92, 93, 94, 95, 96, 97, 98, 99, 100),10)
(81,91,Set(81, 91),1)
(81,64,Set(81, 71, 72, 73, 74, 64),5)
(81,73,Set(81, 71, 72, 73),3)
(81,55,Set(81, 71, 61, 51, 52, 53, 54, 55),7)
(81,58,Set(81, 71, 61, 51, 52, 53, 54, 55, 56, 57, 58),10)
(81,85,Set(81, 91, 92, 93, 94, 95, 85),6)
(81,94,Set(81, 91, 92, 93, 94),4)
(81,67,Set(81, 71, 72, 73, 74, 75, 65, 66, 67),8)
(81,40,Set(81, 71, 61, 51, 41, 31, 32, 33, 34, 35, 36, 37, 38, 39, 40),14)
(81,49,Set(81, 71, 61, 51, 52, 53, 54, 55, 56, 57, 58, 59, 49),12)
(81,4,Set(81, 71, 61, 51, 41, 31, 21, 11, 12, 13, 14, 4),11)
(81,13,Set(81, 71, 61, 51, 41, 31, 21, 11, 12, 13),9)
(81,76,Set(81, 71, 72, 73, 74, 75, 76),6)
(81,31,Set(81, 71, 61, 51, 41, 31),5)
(81,16,Set(81, 71, 61, 51, 41, 31, 21, 11, 12, 13, 14, 15, 16),12)
(81,97,Set(81, 91, 92, 93, 94, 95, 96, 97),7)
(81,7,Set(81, 71, 61, 51, 41, 31, 21, 11, 12, 13, 14, 4, 5, 6, 7),14)
(81,79,Set(81, 71, 72, 73, 74, 75, 76, 77, 78, 79),9)
(81,70,Set(81, 71, 72, 73, 74, 75, 76, 77, 78, 79, 80, 70),11)
(81,43,Set(81, 71, 61, 51, 52, 53, 43),6)
(81,52,Set(81, 71, 61, 51, 52),4)
(81,25,Set(81, 71, 61, 51, 41, 31, 32, 33, 23, 24, 25),10)
(81,34,Set(81, 71, 61, 51, 41, 31, 32, 33, 34),8)
(81,61,Set(81, 71, 61),2)
(81,10,Set(81, 71, 61, 51, 41, 31, 21, 11, 12, 13, 14, 15, 16, 17, 18, 19, 20, 10),17)
(81,37,Set(81, 71, 61, 51, 41, 31, 32, 33, 34, 35, 36, 37),11)
(81,1,Set(81, 71, 61, 51, 41, 31, 21, 11, 1),8)
(81,19,Set(81, 71, 61, 51, 41, 31, 21, 11, 12, 13, 14, 15, 16, 17, 18, 19),15)
(81,28,Set(81, 71, 61, 51, 41, 31, 32, 33, 23, 24, 25, 26, 27, 28),13)
(81,60,Set(81, 71, 61, 51, 52, 53, 54, 55, 56, 57, 58, 59, 60),12)
(81,87,Set(81, 91, 92, 93, 94, 95, 85, 86, 87),8)
(81,96,Set(81, 91, 92, 93, 94, 95, 96),6)
(81,69,Set(81, 71, 72, 73, 74, 75, 76, 77, 78, 79, 69),10)
(81,78,Set(81, 71, 72, 73, 74, 75, 76, 77, 78),8)
(81,90,Set(81, 91, 92, 93, 94, 95, 96, 97, 98, 99, 89, 90),11)
(81,99,Set(81, 91, 92, 93, 94, 95, 96, 97, 98, 99),9)
(81,63,Set(81, 71, 72, 73, 63),4)
(81,54,Set(81, 71, 61, 51, 52, 53, 54),6)
(81,45,Set(81, 71, 61, 51, 52, 53, 43, 44, 45),8)
(81,72,Set(81, 71, 72),2)
(81,27,Set(81, 71, 61, 51, 41, 31, 32, 33, 23, 24, 25, 26, 27),12)
(81,36,Set(81, 71, 61, 51, 41, 31, 32, 33, 34, 35, 36),10)
(81,9,Set(81, 71, 61, 51, 41, 31, 21, 11, 12, 13, 14, 15, 16, 17, 18, 19, 9),16)
(81,18,Set(81, 71, 61, 51, 41, 31, 21, 11, 12, 13, 14, 15, 16, 17, 18),14)
(81,21,Set(81, 71, 61, 51, 41, 31, 21),6)
(81,57,Set(81, 71, 61, 51, 52, 53, 54, 55, 56, 57),9)
(81,3,Set(81, 71, 61, 51, 41, 31, 21, 11, 12, 13, 3),10)
(81,84,Set(81, 91, 92, 93, 94, 84),5)
(81,12,Set(81, 71, 61, 51, 41, 31, 21, 11, 12),8)
(81,93,Set(81, 91, 92, 93),3)
(81,75,Set(81, 71, 72, 73, 74, 75),5)
(81,30,Set(81, 71, 61, 51, 41, 31, 32, 33, 23, 24, 25, 26, 27, 28, 29, 30),15)
(81,39,Set(81, 71, 61, 51, 41, 31, 32, 33, 34, 35, 36, 37, 38, 39),13)
(81,66,Set(81, 71, 72, 73, 74, 75, 65, 66),7)
(81,15,Set(81, 71, 61, 51, 41, 31, 21, 11, 12, 13, 14, 15),11)
(81,51,Set(81, 71, 61, 51),3)
(81,6,Set(81, 71, 61, 51, 41, 31, 21, 11, 12, 13, 14, 4, 5, 6),13)
(81,24,Set(81, 71, 61, 51, 41, 31, 32, 33, 23, 24),9)
(81,33,Set(81, 71, 61, 51, 41, 31, 32, 33),7)
(83,92,Set(83, 93, 92),2)
(83,95,Set(83, 93, 94, 95),3)
(83,23,Set(83, 73, 63, 53, 43, 33, 23),6)
(83,86,Set(83, 84, 85, 86),3)
(83,77,Set(83, 73, 74, 75, 76, 77),5)
(83,50,Set(83, 73, 74, 75, 65, 55, 56, 57, 58, 59, 49, 50),11)
(83,59,Set(83, 73, 74, 75, 65, 55, 56, 57, 58, 59),9)
(83,41,Set(83, 73, 72, 71, 61, 51, 41),6)
(83,32,Set(83, 73, 63, 53, 43, 33, 32),6)
(83,53,Set(83, 73, 63, 53),3)
(83,17,Set(83, 73, 74, 75, 65, 55, 56, 57, 47, 37, 27, 17),11)
(83,44,Set(83, 73, 74, 64, 54, 44),5)
(83,35,Set(83, 73, 74, 75, 65, 55, 45, 35),7)
(83,26,Set(83, 73, 74, 75, 65, 55, 56, 46, 36, 26),9)
(83,80,Set(83, 73, 74, 75, 76, 77, 78, 79, 80),8)
(83,89,Set(83, 73, 74, 75, 76, 77, 78, 79, 89),8)
(83,71,Set(83, 73, 72, 71),3)
(83,98,Set(83, 93, 94, 95, 96, 97, 98),6)
(83,11,Set(83, 73, 72, 71, 61, 51, 41, 31, 21, 11),9)
(83,74,Set(83, 73, 74),2)
(83,56,Set(83, 73, 74, 75, 65, 55, 56),6)
(83,29,Set(83, 73, 74, 75, 65, 55, 56, 57, 47, 37, 38, 28, 29),12)
(83,38,Set(83, 73, 74, 75, 65, 55, 56, 57, 47, 37, 38),10)
(83,47,Set(83, 73, 74, 75, 65, 55, 56, 57, 47),8)
(83,20,Set(83, 73, 74, 75, 65, 55, 56, 57, 47, 37, 38, 28, 29, 19, 20),14)
(83,65,Set(83, 73, 74, 75, 65),4)
(83,5,Set(83, 73, 74, 75, 65, 55, 45, 35, 25, 15, 5),10)
(83,14,Set(83, 73, 74, 64, 54, 44, 34, 24, 14),8)
(83,46,Set(83, 73, 74, 75, 65, 55, 56, 46),7)
(83,100,Set(83, 93, 94, 95, 96, 97, 98, 99, 100),8)
(83,91,Set(83, 93, 92, 91),3)
(83,73,Set(83, 73),1)
(83,64,Set(83, 73, 74, 64),3)
(83,55,Set(83, 73, 74, 75, 65, 55),5)
(83,58,Set(83, 73, 74, 75, 65, 55, 56, 57, 58),8)
(83,85,Set(83, 84, 85),2)
(83,94,Set(83, 93, 94),2)
(83,67,Set(83, 73, 74, 75, 65, 66, 67),6)
(83,40,Set(83, 73, 74, 75, 65, 55, 56, 57, 47, 37, 38, 39, 40),12)
(83,49,Set(83, 73, 74, 75, 65, 55, 56, 57, 58, 59, 49),10)
(83,4,Set(83, 73, 74, 64, 54, 44, 34, 24, 14, 4),9)
(83,13,Set(83, 73, 63, 53, 43, 33, 23, 13),7)
(83,76,Set(83, 73, 74, 75, 76),4)
(83,31,Set(83, 73, 72, 71, 61, 51, 41, 31),7)
(83,16,Set(83, 73, 74, 75, 65, 55, 56, 46, 36, 26, 16),10)
(83,97,Set(83, 93, 94, 95, 96, 97),5)
(83,7,Set(83, 73, 74, 75, 65, 55, 56, 57, 47, 37, 27, 17, 7),12)
(83,79,Set(83, 73, 74, 75, 76, 77, 78, 79),7)
(83,70,Set(83, 73, 74, 75, 76, 77, 78, 79, 80, 70),9)
(83,43,Set(83, 73, 63, 53, 43),4)
(83,52,Set(83, 73, 63, 53, 52),4)
(83,25,Set(83, 73, 74, 75, 65, 55, 45, 35, 25),8)
(83,34,Set(83, 73, 74, 64, 54, 44, 34),6)
(83,61,Set(83, 73, 72, 71, 61),4)
(83,10,Set(83, 73, 74, 75, 65, 55, 56, 57, 47, 37, 38, 28, 29, 19, 20, 10),15)
(83,37,Set(83, 73, 74, 75, 65, 55, 56, 57, 47, 37),9)
(83,1,Set(83, 73, 72, 71, 61, 51, 41, 31, 21, 11, 1),10)
(83,19,Set(83, 73, 74, 75, 65, 55, 56, 57, 47, 37, 38, 28, 29, 19),13)
(83,28,Set(83, 73, 74, 75, 65, 55, 56, 57, 47, 37, 38, 28),11)
(83,60,Set(83, 73, 74, 75, 65, 55, 56, 57, 58, 59, 60),10)
(83,87,Set(83, 84, 85, 86, 87),4)
(83,96,Set(83, 93, 94, 95, 96),4)
(83,69,Set(83, 73, 74, 75, 76, 77, 78, 79, 69),8)
(83,78,Set(83, 73, 74, 75, 76, 77, 78),6)
(83,90,Set(83, 73, 74, 75, 76, 77, 78, 79, 80, 90),9)
(83,63,Set(83, 73, 63),2)
(83,99,Set(83, 93, 94, 95, 96, 97, 98, 99),7)
(83,54,Set(83, 73, 74, 64, 54),4)
(83,45,Set(83, 73, 74, 75, 65, 55, 45),6)
(83,81,Set(83, 73, 72, 71, 81),4)
(83,72,Set(83, 73, 72),2)
(83,27,Set(83, 73, 74, 75, 65, 55, 56, 57, 47, 37, 27),10)
(83,36,Set(83, 73, 74, 75, 65, 55, 56, 46, 36),8)
(83,9,Set(83, 73, 74, 75, 65, 55, 56, 57, 47, 37, 38, 28, 29, 19, 9),14)
(83,18,Set(83, 73, 74, 75, 65, 55, 56, 57, 47, 37, 38, 28, 18),12)
(83,21,Set(83, 73, 72, 71, 61, 51, 41, 31, 21),8)
(83,57,Set(83, 73, 74, 75, 65, 55, 56, 57),7)
(83,3,Set(83, 73, 63, 53, 43, 33, 23, 13, 3),8)
(83,12,Set(83, 73, 63, 53, 43, 33, 23, 13, 12),8)
(83,84,Set(83, 84),1)
(83,93,Set(83, 93),1)
(83,75,Set(83, 73, 74, 75),3)
(83,30,Set(83, 73, 74, 75, 65, 55, 56, 57, 47, 37, 38, 28, 29, 30),13)
(83,39,Set(83, 73, 74, 75, 65, 55, 56, 57, 47, 37, 38, 39),11)
(83,66,Set(83, 73, 74, 75, 65, 66),5)
(83,15,Set(83, 73, 74, 75, 65, 55, 45, 35, 25, 15),9)
(83,51,Set(83, 73, 72, 71, 61, 51),5)
(83,6,Set(83, 73, 74, 75, 65, 55, 56, 46, 36, 26, 16, 6),11)
(83,33,Set(83, 73, 63, 53, 43, 33),5)
(83,24,Set(83, 73, 74, 64, 54, 44, 34, 24),7)
(84,92,Set(84, 94, 93, 92),3)
(84,83,Set(84, 83),1)
(84,23,Set(84, 83, 73, 63, 53, 43, 33, 23),7)
(84,95,Set(84, 94, 95),2)
(84,77,Set(84, 74, 75, 76, 77),4)
(84,86,Set(84, 85, 86),2)
(84,50,Set(84, 74, 75, 65, 55, 56, 57, 58, 59, 49, 50),10)
(84,59,Set(84, 74, 75, 65, 55, 56, 57, 58, 59),8)
(84,32,Set(84, 83, 73, 63, 53, 43, 33, 32),7)
(84,41,Set(84, 83, 73, 72, 71, 61, 51, 41),7)
(84,53,Set(84, 83, 73, 63, 53),4)
(84,17,Set(84, 74, 75, 65, 55, 56, 57, 47, 37, 27, 17),10)
(84,44,Set(84, 74, 64, 54, 44),4)
(84,35,Set(84, 74, 75, 65, 55, 45, 35),6)
(84,26,Set(84, 74, 75, 65, 55, 56, 46, 36, 26),8)
(84,89,Set(84, 94, 95, 96, 97, 98, 99, 89),7)
(84,80,Set(84, 74, 75, 76, 77, 78, 79, 80),7)
(84,71,Set(84, 83, 73, 72, 71),4)
(84,98,Set(84, 94, 95, 96, 97, 98),5)
(84,11,Set(84, 83, 73, 72, 71, 61, 51, 41, 31, 21, 11),10)
(84,74,Set(84, 74),1)
(84,56,Set(84, 74, 75, 65, 55, 56),5)
(84,29,Set(84, 74, 75, 65, 55, 56, 57, 47, 37, 38, 28, 29),11)
(84,38,Set(84, 74, 75, 65, 55, 56, 57, 47, 37, 38),9)
(84,47,Set(84, 74, 75, 65, 55, 56, 57, 47),7)
(84,20,Set(84, 74, 75, 65, 55, 56, 57, 47, 37, 38, 28, 29, 19, 20),13)
(84,65,Set(84, 74, 75, 65),3)
(84,5,Set(84, 74, 75, 65, 55, 45, 35, 25, 15, 5),9)
(84,14,Set(84, 74, 64, 54, 44, 34, 24, 14),7)
(84,46,Set(84, 74, 75, 65, 55, 56, 46),6)
(84,100,Set(84, 94, 95, 96, 97, 98, 99, 100),7)
(84,91,Set(84, 94, 93, 92, 91),4)
(84,55,Set(84, 74, 75, 65, 55),4)
(84,64,Set(84, 74, 64),2)
(84,73,Set(84, 83, 73),2)
(84,85,Set(84, 85),1)
(84,94,Set(84, 94),1)
(84,67,Set(84, 74, 75, 65, 66, 67),5)
(84,58,Set(84, 74, 75, 65, 55, 56, 57, 58),7)
(84,40,Set(84, 74, 75, 65, 55, 56, 57, 47, 37, 38, 39, 40),11)
(84,49,Set(84, 74, 75, 65, 55, 56, 57, 58, 59, 49),9)
(84,4,Set(84, 74, 64, 54, 44, 34, 24, 14, 4),8)
(84,13,Set(84, 83, 73, 63, 53, 43, 33, 23, 13),8)
(84,31,Set(84, 83, 73, 72, 71, 61, 51, 41, 31),8)
(84,76,Set(84, 74, 75, 76),3)
(84,16,Set(84, 74, 75, 65, 55, 56, 46, 36, 26, 16),9)
(84,97,Set(84, 94, 95, 96, 97),4)
(84,7,Set(84, 74, 75, 65, 55, 56, 57, 47, 37, 27, 17, 7),11)
(84,79,Set(84, 74, 75, 76, 77, 78, 79),6)
(84,70,Set(84, 74, 75, 76, 77, 78, 79, 80, 70),8)
(84,52,Set(84, 83, 73, 63, 53, 52),5)
(84,43,Set(84, 83, 73, 63, 53, 43),5)
(84,25,Set(84, 74, 75, 65, 55, 45, 35, 25),7)
(84,34,Set(84, 74, 64, 54, 44, 34),5)
(84,61,Set(84, 83, 73, 72, 71, 61),5)
(84,10,Set(84, 74, 75, 65, 55, 56, 57, 47, 37, 38, 28, 29, 19, 20, 10),14)
(84,37,Set(84, 74, 75, 65, 55, 56, 57, 47, 37),8)
(84,1,Set(84, 83, 73, 72, 71, 61, 51, 41, 31, 21, 11, 1),11)
(84,19,Set(84, 74, 75, 65, 55, 56, 57, 47, 37, 38, 28, 29, 19),12)
(84,28,Set(84, 74, 75, 65, 55, 56, 57, 47, 37, 38, 28),10)
(84,60,Set(84, 74, 75, 65, 55, 56, 57, 58, 59, 60),9)
(84,87,Set(84, 85, 86, 87),3)
(84,96,Set(84, 94, 95, 96),3)
(84,78,Set(84, 74, 75, 76, 77, 78),5)
(84,69,Set(84, 74, 75, 76, 77, 78, 79, 69),7)
(84,90,Set(84, 94, 95, 96, 97, 98, 99, 89, 90),8)
(84,63,Set(84, 83, 73, 63),3)
(84,99,Set(84, 94, 95, 96, 97, 98, 99),6)
(84,54,Set(84, 74, 64, 54),3)
(84,45,Set(84, 74, 75, 65, 55, 45),5)
(84,72,Set(84, 83, 73, 72),3)
(84,81,Set(84, 94, 93, 92, 91, 81),5)
(84,27,Set(84, 74, 75, 65, 55, 56, 57, 47, 37, 27),9)
(84,36,Set(84, 74, 75, 65, 55, 56, 46, 36),7)
(84,9,Set(84, 74, 75, 65, 55, 56, 57, 47, 37, 38, 28, 29, 19, 9),13)
(84,18,Set(84, 74, 75, 65, 55, 56, 57, 47, 37, 38, 28, 18),11)
(84,21,Set(84, 83, 73, 72, 71, 61, 51, 41, 31, 21),9)
(84,57,Set(84, 74, 75, 65, 55, 56, 57),6)
(84,3,Set(84, 83, 73, 63, 53, 43, 33, 23, 13, 3),9)
(84,12,Set(84, 83, 73, 63, 53, 43, 33, 23, 13, 12),9)
(84,93,Set(84, 94, 93),2)
(84,75,Set(84, 74, 75),2)
(84,30,Set(84, 74, 75, 65, 55, 56, 57, 47, 37, 38, 28, 29, 30),12)
(84,39,Set(84, 74, 75, 65, 55, 56, 57, 47, 37, 38, 39),10)
(84,66,Set(84, 74, 75, 65, 66),4)
(84,15,Set(84, 74, 75, 65, 55, 45, 35, 25, 15),8)
(84,51,Set(84, 83, 73, 72, 71, 61, 51),6)
(84,6,Set(84, 74, 75, 65, 55, 56, 46, 36, 26, 16, 6),10)
(84,33,Set(84, 83, 73, 63, 53, 43, 33),6)
(84,24,Set(84, 74, 64, 54, 44, 34, 24),6)
(85,92,Set(85, 95, 94, 93, 92),4)
(85,83,Set(85, 84, 83),2)
(85,23,Set(85, 75, 65, 55, 54, 44, 43, 33, 23),8)
(85,95,Set(85, 95),1)
(85,77,Set(85, 75, 76, 77),3)
(85,86,Set(85, 86),1)
(85,50,Set(85, 75, 65, 55, 56, 57, 58, 59, 49, 50),9)
(85,32,Set(85, 75, 65, 55, 54, 44, 43, 33, 32),8)
(85,41,Set(85, 75, 65, 55, 54, 53, 52, 51, 41),8)
(85,59,Set(85, 75, 65, 55, 56, 57, 58, 59),7)
(85,53,Set(85, 75, 65, 55, 54, 53),5)
(85,17,Set(85, 75, 65, 55, 56, 57, 47, 37, 27, 17),9)
(85,44,Set(85, 75, 65, 55, 54, 44),5)
(85,35,Set(85, 75, 65, 55, 45, 35),5)
(85,26,Set(85, 75, 65, 55, 56, 46, 36, 26),7)
(85,89,Set(85, 95, 96, 97, 98, 99, 89),6)
(85,80,Set(85, 75, 76, 77, 78, 79, 80),6)
(85,98,Set(85, 95, 96, 97, 98),4)
(85,71,Set(85, 75, 74, 73, 72, 71),5)
(85,11,Set(85, 75, 65, 55, 54, 44, 43, 33, 23, 13, 12, 11),11)
(85,74,Set(85, 75, 74),2)
(85,56,Set(85, 75, 65, 55, 56),4)
(85,29,Set(85, 75, 65, 55, 56, 57, 47, 37, 38, 28, 29),10)
(85,38,Set(85, 75, 65, 55, 56, 57, 47, 37, 38),8)
(85,47,Set(85, 75, 65, 55, 56, 57, 47),6)
(85,20,Set(85, 75, 65, 55, 56, 57, 47, 37, 38, 28, 29, 19, 20),12)
(85,65,Set(85, 75, 65),2)
(85,5,Set(85, 75, 65, 55, 45, 35, 25, 15, 5),8)
(85,14,Set(85, 75, 65, 55, 54, 44, 34, 24, 14),8)
(85,46,Set(85, 75, 65, 55, 56, 46),5)
(85,100,Set(85, 95, 96, 97, 98, 99, 100),6)
(85,91,Set(85, 95, 94, 93, 92, 91),5)
(85,55,Set(85, 75, 65, 55),3)
(85,64,Set(85, 75, 65, 64),3)
(85,73,Set(85, 75, 74, 73),3)
(85,67,Set(85, 75, 65, 66, 67),4)
(85,94,Set(85, 95, 94),2)
(85,58,Set(85, 75, 65, 55, 56, 57, 58),6)
(85,40,Set(85, 75, 65, 55, 56, 57, 47, 37, 38, 39, 40),10)
(85,49,Set(85, 75, 65, 55, 56, 57, 58, 59, 49),8)
(85,4,Set(85, 75, 65, 55, 54, 44, 34, 24, 14, 4),9)
(85,13,Set(85, 75, 65, 55, 54, 44, 43, 33, 23, 13),9)
(85,31,Set(85, 75, 65, 55, 54, 44, 43, 33, 32, 31),9)
(85,76,Set(85, 75, 76),2)
(85,16,Set(85, 75, 65, 55, 56, 46, 36, 26, 16),8)
(85,97,Set(85, 95, 96, 97),3)
(85,7,Set(85, 75, 65, 55, 56, 57, 47, 37, 27, 17, 7),10)
(85,79,Set(85, 75, 76, 77, 78, 79),5)
(85,70,Set(85, 75, 76, 77, 78, 79, 80, 70),7)
(85,52,Set(85, 75, 65, 55, 54, 53, 52),6)
(85,43,Set(85, 75, 65, 55, 54, 44, 43),6)
(85,25,Set(85, 75, 65, 55, 45, 35, 25),6)
(85,34,Set(85, 75, 65, 55, 54, 44, 34),6)
(85,61,Set(85, 75, 74, 73, 72, 71, 61),6)
(85,10,Set(85, 75, 65, 55, 56, 57, 47, 37, 38, 28, 29, 19, 20, 10),13)
(85,37,Set(85, 75, 65, 55, 56, 57, 47, 37),7)
(85,1,Set(85, 75, 65, 55, 54, 44, 43, 33, 23, 13, 12, 11, 1),12)
(85,19,Set(85, 75, 65, 55, 56, 57, 47, 37, 38, 28, 29, 19),11)
(85,28,Set(85, 75, 65, 55, 56, 57, 47, 37, 38, 28),9)
(85,60,Set(85, 75, 65, 55, 56, 57, 58, 59, 60),8)
(85,87,Set(85, 86, 87),2)
(85,96,Set(85, 95, 96),2)
(85,78,Set(85, 75, 76, 77, 78),4)
(85,69,Set(85, 75, 76, 77, 78, 79, 69),6)
(85,90,Set(85, 95, 96, 97, 98, 99, 89, 90),7)
(85,63,Set(85, 75, 65, 64, 63),4)
(85,99,Set(85, 95, 96, 97, 98, 99),5)
(85,54,Set(85, 75, 65, 55, 54),4)
(85,45,Set(85, 75, 65, 55, 45),4)
(85,72,Set(85, 75, 74, 73, 72),4)
(85,81,Set(85, 95, 94, 93, 92, 91, 81),6)
(85,27,Set(85, 75, 65, 55, 56, 57, 47, 37, 27),8)
(85,36,Set(85, 75, 65, 55, 56, 46, 36),6)
(85,9,Set(85, 75, 65, 55, 56, 57, 47, 37, 38, 28, 29, 19, 9),12)
(85,18,Set(85, 75, 65, 55, 56, 57, 47, 37, 38, 28, 18),10)
(85,21,Set(85, 75, 65, 55, 54, 44, 43, 33, 32, 31, 21),10)
(85,57,Set(85, 75, 65, 55, 56, 57),5)
(85,3,Set(85, 75, 65, 55, 54, 44, 43, 33, 23, 13, 3),10)
(85,12,Set(85, 75, 65, 55, 54, 44, 43, 33, 23, 13, 12),10)
(85,84,Set(85, 84),1)
(85,93,Set(85, 95, 94, 93),3)
(85,75,Set(85, 75),1)
(85,30,Set(85, 75, 65, 55, 56, 57, 47, 37, 38, 28, 29, 30),11)
(85,39,Set(85, 75, 65, 55, 56, 57, 47, 37, 38, 39),9)
(85,66,Set(85, 75, 65, 66),3)
(85,15,Set(85, 75, 65, 55, 45, 35, 25, 15),7)
(85,51,Set(85, 75, 65, 55, 54, 53, 52, 51),7)
(85,6,Set(85, 75, 65, 55, 56, 46, 36, 26, 16, 6),9)
(85,24,Set(85, 75, 65, 55, 54, 44, 34, 24),7)
(85,33,Set(85, 75, 65, 55, 54, 44, 43, 33),7)
(86,92,Set(86, 85, 95, 94, 93, 92),5)
(86,83,Set(86, 85, 84, 83),3)
(86,23,Set(86, 76, 75, 65, 55, 54, 44, 43, 33, 23),9)
(86,95,Set(86, 85, 95),2)
(86,77,Set(86, 76, 77),2)
(86,32,Set(86, 76, 75, 65, 55, 54, 44, 43, 33, 32),9)
(86,41,Set(86, 76, 75, 65, 55, 54, 53, 52, 51, 41),9)
(86,50,Set(86, 76, 77, 67, 57, 58, 59, 49, 50),8)
(86,59,Set(86, 76, 77, 67, 57, 58, 59),6)
(86,53,Set(86, 76, 75, 65, 55, 54, 53),6)
(86,17,Set(86, 76, 77, 67, 57, 47, 37, 27, 17),8)
(86,44,Set(86, 76, 75, 65, 55, 54, 44),6)
(86,35,Set(86, 76, 75, 65, 55, 45, 35),6)
(86,26,Set(86, 76, 66, 56, 46, 36, 26),6)
(86,89,Set(86, 76, 77, 78, 79, 89),5)
(86,80,Set(86, 76, 77, 78, 79, 80),5)
(86,98,Set(86, 87, 97, 98),3)
(86,71,Set(86, 76, 75, 74, 73, 72, 71),6)
(86,11,Set(86, 76, 75, 65, 55, 54, 44, 43, 33, 23, 13, 12, 11),12)
(86,74,Set(86, 76, 75, 74),3)
(86,56,Set(86, 76, 66, 56),3)
(86,29,Set(86, 76, 77, 67, 57, 47, 37, 38, 28, 29),9)
(86,38,Set(86, 76, 77, 67, 57, 47, 37, 38),7)
(86,47,Set(86, 76, 77, 67, 57, 47),5)
(86,20,Set(86, 76, 77, 67, 57, 47, 37, 38, 28, 29, 19, 20),11)
(86,65,Set(86, 76, 75, 65),3)
(86,5,Set(86, 76, 75, 65, 55, 45, 35, 25, 15, 5),9)
(86,14,Set(86, 76, 75, 65, 55, 54, 44, 34, 24, 14),9)
(86,46,Set(86, 76, 66, 56, 46),4)
(86,100,Set(86, 87, 97, 98, 99, 100),5)
(86,91,Set(86, 85, 95, 94, 93, 92, 91),6)
(86,55,Set(86, 76, 75, 65, 55),4)
(86,73,Set(86, 76, 75, 74, 73),4)
(86,64,Set(86, 76, 75, 65, 64),4)
(86,67,Set(86, 76, 77, 67),3)
(86,85,Set(86, 85),1)
(86,94,Set(86, 85, 95, 94),3)
(86,58,Set(86, 76, 77, 67, 57, 58),5)
(86,40,Set(86, 76, 77, 67, 57, 47, 37, 38, 39, 40),9)
(86,49,Set(86, 76, 77, 67, 57, 58, 59, 49),7)
(86,4,Set(86, 76, 75, 65, 55, 54, 44, 34, 24, 14, 4),10)
(86,13,Set(86, 76, 75, 65, 55, 54, 44, 43, 33, 23, 13),10)
(86,31,Set(86, 76, 75, 65, 55, 54, 44, 43, 33, 32, 31),10)
(86,76,Set(86, 76),1)
(86,16,Set(86, 76, 66, 56, 46, 36, 26, 16),7)
(86,97,Set(86, 87, 97),2)
(86,7,Set(86, 76, 77, 67, 57, 47, 37, 27, 17, 7),9)
(86,79,Set(86, 76, 77, 78, 79),4)
(86,43,Set(86, 76, 75, 65, 55, 54, 44, 43),7)
(86,52,Set(86, 76, 75, 65, 55, 54, 53, 52),7)
(86,70,Set(86, 76, 77, 78, 79, 80, 70),6)
(86,25,Set(86, 76, 75, 65, 55, 45, 35, 25),7)
(86,34,Set(86, 76, 75, 65, 55, 54, 44, 34),7)
(86,61,Set(86, 76, 75, 74, 73, 72, 71, 61),7)
(86,10,Set(86, 76, 77, 67, 57, 47, 37, 38, 28, 29, 19, 20, 10),12)
(86,37,Set(86, 76, 77, 67, 57, 47, 37),6)
(86,1,Set(86, 76, 75, 65, 55, 54, 44, 43, 33, 23, 13, 12, 11, 1),13)
(86,19,Set(86, 76, 77, 67, 57, 47, 37, 38, 28, 29, 19),10)
(86,28,Set(86, 76, 77, 67, 57, 47, 37, 38, 28),8)
(86,60,Set(86, 76, 77, 67, 57, 58, 59, 60),7)
(86,87,Set(86, 87),1)
(86,96,Set(86, 96),1)
(86,78,Set(86, 76, 77, 78),3)
(86,69,Set(86, 76, 77, 78, 79, 69),5)
(86,99,Set(86, 87, 97, 98, 99),4)
(86,63,Set(86, 76, 75, 65, 64, 63),5)
(86,90,Set(86, 76, 77, 78, 79, 80, 90),6)
(86,54,Set(86, 76, 75, 65, 55, 54),5)
(86,45,Set(86, 76, 75, 65, 55, 45),5)
(86,72,Set(86, 76, 75, 74, 73, 72),5)
(86,81,Set(86, 76, 75, 74, 73, 72, 71, 81),7)
(86,27,Set(86, 76, 77, 67, 57, 47, 37, 27),7)
(86,36,Set(86, 76, 66, 56, 46, 36),5)
(86,9,Set(86, 76, 77, 67, 57, 47, 37, 38, 28, 29, 19, 9),11)
(86,18,Set(86, 76, 77, 67, 57, 47, 37, 38, 28, 18),9)
(86,21,Set(86, 76, 75, 65, 55, 54, 44, 43, 33, 32, 31, 21),11)
(86,57,Set(86, 76, 77, 67, 57),4)
(86,3,Set(86, 76, 75, 65, 55, 54, 44, 43, 33, 23, 13, 3),11)
(86,12,Set(86, 76, 75, 65, 55, 54, 44, 43, 33, 23, 13, 12),11)
(86,84,Set(86, 85, 84),2)
(86,93,Set(86, 85, 95, 94, 93),4)
(86,75,Set(86, 76, 75),2)
(86,30,Set(86, 76, 77, 67, 57, 47, 37, 38, 28, 29, 30),10)
(86,39,Set(86, 76, 77, 67, 57, 47, 37, 38, 39),8)
(86,66,Set(86, 76, 66),2)
(86,15,Set(86, 76, 75, 65, 55, 45, 35, 25, 15),8)
(86,51,Set(86, 76, 75, 65, 55, 54, 53, 52, 51),8)
(86,6,Set(86, 76, 66, 56, 46, 36, 26, 16, 6),8)
(86,24,Set(86, 76, 75, 65, 55, 54, 44, 34, 24),8)
(86,33,Set(86, 76, 75, 65, 55, 54, 44, 43, 33),8)
(87,92,Set(87, 97, 96, 95, 94, 93, 92),6)
(87,83,Set(87, 86, 85, 84, 83),4)
(87,23,Set(87, 77, 76, 75, 65, 55, 54, 44, 43, 33, 23),10)
(87,95,Set(87, 97, 96, 95),3)
(87,86,Set(87, 86),1)
(87,77,Set(87, 77),1)
(87,32,Set(87, 77, 76, 75, 65, 55, 54, 44, 43, 33, 32),10)
(87,41,Set(87, 77, 76, 75, 65, 55, 54, 53, 52, 51, 41),10)
(87,50,Set(87, 77, 67, 57, 58, 59, 49, 50),7)
(87,59,Set(87, 77, 67, 57, 58, 59),5)
(87,53,Set(87, 77, 76, 75, 65, 55, 54, 53),7)
(87,17,Set(87, 77, 67, 57, 47, 37, 27, 17),7)
(87,35,Set(87, 77, 76, 75, 65, 55, 45, 35),7)
(87,44,Set(87, 77, 76, 75, 65, 55, 54, 44),7)
(87,26,Set(87, 77, 76, 66, 56, 46, 36, 26),7)
(87,80,Set(87, 77, 78, 79, 80),4)
(87,89,Set(87, 77, 78, 79, 89),4)
(87,71,Set(87, 77, 76, 75, 74, 73, 72, 71),7)
(87,98,Set(87, 97, 98),2)
(87,11,Set(87, 77, 76, 75, 65, 55, 54, 44, 43, 33, 23, 13, 12, 11),13)
(87,74,Set(87, 77, 76, 75, 74),4)
(87,56,Set(87, 77, 76, 66, 56),4)
(87,29,Set(87, 77, 67, 57, 47, 37, 38, 28, 29),8)
(87,47,Set(87, 77, 67, 57, 47),4)
(87,38,Set(87, 77, 67, 57, 47, 37, 38),6)
(87,20,Set(87, 77, 67, 57, 47, 37, 38, 28, 29, 19, 20),10)
(87,65,Set(87, 77, 76, 75, 65),4)
(87,5,Set(87, 77, 76, 75, 65, 55, 45, 35, 25, 15, 5),10)
(87,14,Set(87, 77, 76, 75, 65, 55, 54, 44, 34, 24, 14),10)
(87,46,Set(87, 77, 76, 66, 56, 46),5)
(87,100,Set(87, 97, 98, 99, 100),4)
(87,91,Set(87, 97, 96, 95, 94, 93, 92, 91),7)
(87,64,Set(87, 77, 76, 75, 65, 64),5)
(87,73,Set(87, 77, 76, 75, 74, 73),5)
(87,55,Set(87, 77, 76, 75, 65, 55),5)
(87,94,Set(87, 97, 96, 95, 94),4)
(87,85,Set(87, 86, 85),2)
(87,67,Set(87, 77, 67),2)
(87,58,Set(87, 77, 67, 57, 58),4)
(87,40,Set(87, 77, 67, 57, 47, 37, 38, 39, 40),8)
(87,49,Set(87, 77, 67, 57, 58, 59, 49),6)
(87,4,Set(87, 77, 76, 75, 65, 55, 54, 44, 34, 24, 14, 4),11)
(87,13,Set(87, 77, 76, 75, 65, 55, 54, 44, 43, 33, 23, 13),11)
(87,31,Set(87, 77, 76, 75, 65, 55, 54, 44, 43, 33, 32, 31),11)
(87,76,Set(87, 77, 76),2)
(87,16,Set(87, 77, 76, 66, 56, 46, 36, 26, 16),8)
(87,97,Set(87, 97),1)
(87,7,Set(87, 77, 67, 57, 47, 37, 27, 17, 7),8)
(87,79,Set(87, 77, 78, 79),3)
(87,43,Set(87, 77, 76, 75, 65, 55, 54, 44, 43),8)
(87,52,Set(87, 77, 76, 75, 65, 55, 54, 53, 52),8)
(87,70,Set(87, 77, 78, 79, 80, 70),5)
(87,25,Set(87, 77, 76, 75, 65, 55, 45, 35, 25),8)
(87,34,Set(87, 77, 76, 75, 65, 55, 54, 44, 34),8)
(87,61,Set(87, 77, 76, 75, 74, 73, 72, 71, 61),8)
(87,10,Set(87, 77, 67, 57, 47, 37, 38, 28, 29, 19, 20, 10),11)
(87,37,Set(87, 77, 67, 57, 47, 37),5)
(87,1,Set(87, 77, 76, 75, 65, 55, 54, 44, 43, 33, 23, 13, 12, 11, 1),14)
(87,19,Set(87, 77, 67, 57, 47, 37, 38, 28, 29, 19),9)
(87,28,Set(87, 77, 67, 57, 47, 37, 38, 28),7)
(87,60,Set(87, 77, 67, 57, 58, 59, 60),6)
(87,96,Set(87, 97, 96),2)
(87,69,Set(87, 77, 78, 79, 69),4)
(87,78,Set(87, 77, 78),2)
(87,99,Set(87, 97, 98, 99),3)
(87,90,Set(87, 77, 78, 79, 80, 90),5)
(87,63,Set(87, 77, 76, 75, 65, 64, 63),6)
(87,54,Set(87, 77, 76, 75, 65, 55, 54),6)
(87,45,Set(87, 77, 76, 75, 65, 55, 45),6)
(87,81,Set(87, 77, 76, 75, 74, 73, 72, 71, 81),8)
(87,72,Set(87, 77, 76, 75, 74, 73, 72),6)
(87,36,Set(87, 77, 76, 66, 56, 46, 36),6)
(87,27,Set(87, 77, 67, 57, 47, 37, 27),6)
(87,9,Set(87, 77, 67, 57, 47, 37, 38, 28, 29, 19, 9),10)
(87,18,Set(87, 77, 67, 57, 47, 37, 38, 28, 18),8)
(87,21,Set(87, 77, 76, 75, 65, 55, 54, 44, 43, 33, 32, 31, 21),12)
(87,57,Set(87, 77, 67, 57),3)
(87,3,Set(87, 77, 76, 75, 65, 55, 54, 44, 43, 33, 23, 13, 3),12)
(87,12,Set(87, 77, 76, 75, 65, 55, 54, 44, 43, 33, 23, 13, 12),12)
(87,84,Set(87, 86, 85, 84),3)
(87,93,Set(87, 97, 96, 95, 94, 93),5)
(87,75,Set(87, 77, 76, 75),3)
(87,30,Set(87, 77, 67, 57, 47, 37, 38, 28, 29, 30),9)
(87,39,Set(87, 77, 67, 57, 47, 37, 38, 39),7)
(87,66,Set(87, 77, 76, 66),3)
(87,15,Set(87, 77, 76, 75, 65, 55, 45, 35, 25, 15),9)
(87,51,Set(87, 77, 76, 75, 65, 55, 54, 53, 52, 51),9)
(87,6,Set(87, 77, 76, 66, 56, 46, 36, 26, 16, 6),9)
(87,24,Set(87, 77, 76, 75, 65, 55, 54, 44, 34, 24),9)
(87,33,Set(87, 77, 76, 75, 65, 55, 54, 44, 43, 33),9)
(89,92,Set(89, 99, 98, 97, 96, 95, 94, 93, 92),8)
(89,83,Set(89, 79, 78, 77, 76, 75, 74, 73, 83),8)
(89,23,Set(89, 79, 69, 59, 58, 57, 47, 46, 36, 26, 25, 24, 23),12)
(89,95,Set(89, 99, 98, 97, 96, 95),5)
(89,86,Set(89, 79, 78, 77, 76, 86),5)
(89,77,Set(89, 79, 78, 77),3)
(89,41,Set(89, 79, 69, 59, 58, 57, 56, 55, 54, 53, 52, 51, 41),12)
(89,32,Set(89, 79, 69, 59, 58, 57, 47, 46, 36, 35, 34, 33, 32),12)
(89,50,Set(89, 79, 80, 70, 60, 50),5)
(89,59,Set(89, 79, 69, 59),3)
(89,53,Set(89, 79, 69, 59, 58, 57, 56, 55, 54, 53),9)
(89,17,Set(89, 79, 69, 59, 58, 57, 47, 37, 27, 17),9)
(89,44,Set(89, 79, 69, 59, 58, 57, 47, 46, 45, 44),9)
(89,35,Set(89, 79, 69, 59, 58, 57, 47, 46, 36, 35),9)
(89,26,Set(89, 79, 69, 59, 58, 57, 47, 46, 36, 26),9)
(89,80,Set(89, 79, 80),2)
(89,71,Set(89, 79, 78, 77, 76, 75, 74, 73, 72, 71),9)
(89,98,Set(89, 99, 98),2)
(89,11,Set(89, 79, 69, 59, 58, 57, 47, 46, 36, 26, 25, 24, 23, 13, 12, 11),15)
(89,74,Set(89, 79, 78, 77, 76, 75, 74),6)
(89,56,Set(89, 79, 69, 59, 58, 57, 56),6)
(89,47,Set(89, 79, 69, 59, 58, 57, 47),6)
(89,38,Set(89, 79, 69, 59, 49, 39, 38),6)
(89,29,Set(89, 79, 69, 59, 49, 39, 29),6)
(89,20,Set(89, 79, 80, 70, 60, 50, 40, 30, 20),8)
(89,65,Set(89, 79, 78, 77, 76, 75, 65),6)
(89,5,Set(89, 79, 69, 59, 58, 57, 47, 46, 36, 26, 25, 15, 5),12)
(89,14,Set(89, 79, 69, 59, 58, 57, 47, 46, 36, 26, 25, 24, 14),12)
(89,46,Set(89, 79, 69, 59, 58, 57, 47, 46),7)
(89,100,Set(89, 90, 100),2)
(89,91,Set(89, 99, 98, 97, 96, 95, 94, 93, 92, 91),9)
(89,55,Set(89, 79, 69, 59, 58, 57, 56, 55),7)
(89,64,Set(89, 79, 78, 77, 76, 75, 65, 64),7)
(89,73,Set(89, 79, 78, 77, 76, 75, 74, 73),7)
(89,58,Set(89, 79, 69, 59, 58),4)
(89,67,Set(89, 79, 78, 77, 67),4)
(89,85,Set(89, 79, 78, 77, 76, 75, 85),6)
(89,94,Set(89, 99, 98, 97, 96, 95, 94),6)
(89,49,Set(89, 79, 69, 59, 49),4)
(89,40,Set(89, 79, 80, 70, 60, 50, 40),6)
(89,4,Set(89, 79, 69, 59, 58, 57, 47, 46, 36, 26, 25, 24, 14, 4),13)
(89,13,Set(89, 79, 69, 59, 58, 57, 47, 46, 36, 26, 25, 24, 23, 13),13)
(89,31,Set(89, 79, 69, 59, 58, 57, 47, 46, 36, 35, 34, 33, 32, 31),13)
(89,76,Set(89, 79, 78, 77, 76),4)
(89,16,Set(89, 79, 69, 59, 58, 57, 47, 46, 36, 26, 16),10)
(89,97,Set(89, 99, 98, 97),3)
(89,7,Set(89, 79, 69, 59, 58, 57, 47, 37, 27, 17, 7),10)
(89,79,Set(89, 79),1)
(89,52,Set(89, 79, 69, 59, 58, 57, 56, 55, 54, 53, 52),10)
(89,43,Set(89, 79, 69, 59, 58, 57, 47, 46, 45, 44, 43),10)
(89,70,Set(89, 79, 80, 70),3)
(89,25,Set(89, 79, 69, 59, 58, 57, 47, 46, 36, 26, 25),10)
(89,34,Set(89, 79, 69, 59, 58, 57, 47, 46, 36, 35, 34),10)
(89,61,Set(89, 79, 78, 77, 76, 75, 74, 73, 72, 71, 61),10)
(89,10,Set(89, 79, 80, 70, 60, 50, 40, 30, 20, 10),9)
(89,37,Set(89, 79, 69, 59, 58, 57, 47, 37),7)
(89,1,Set(89, 79, 69, 59, 58, 57, 47, 46, 36, 26, 25, 24, 23, 13, 12, 11, 1),16)
(89,28,Set(89, 79, 69, 59, 49, 39, 29, 28),7)
(89,19,Set(89, 79, 69, 59, 49, 39, 29, 19),7)
(89,60,Set(89, 79, 80, 70, 60),4)
(89,87,Set(89, 79, 78, 77, 87),4)
(89,96,Set(89, 99, 98, 97, 96),4)
(89,78,Set(89, 79, 78),2)
(89,69,Set(89, 79, 69),2)
(89,63,Set(89, 79, 78, 77, 76, 75, 65, 64, 63),8)
(89,99,Set(89, 99),1)
(89,90,Set(89, 90),1)
(89,54,Set(89, 79, 69, 59, 58, 57, 56, 55, 54),8)
(89,45,Set(89, 79, 69, 59, 58, 57, 47, 46, 45),8)
(89,81,Set(89, 79, 78, 77, 76, 75, 74, 73, 72, 71, 81),10)
(89,72,Set(89, 79, 78, 77, 76, 75, 74, 73, 72),8)
(89,27,Set(89, 79, 69, 59, 58, 57, 47, 37, 27),8)
(89,36,Set(89, 79, 69, 59, 58, 57, 47, 46, 36),8)
(89,9,Set(89, 79, 69, 59, 49, 39, 29, 19, 9),8)
(89,18,Set(89, 79, 69, 59, 49, 39, 29, 28, 18),8)
(89,21,Set(89, 79, 69, 59, 58, 57, 47, 46, 36, 35, 34, 33, 32, 31, 21),14)
(89,57,Set(89, 79, 69, 59, 58, 57),5)
(89,3,Set(89, 79, 69, 59, 58, 57, 47, 46, 36, 26, 25, 24, 23, 13, 3),14)
(89,12,Set(89, 79, 69, 59, 58, 57, 47, 46, 36, 26, 25, 24, 23, 13, 12),14)
(89,84,Set(89, 79, 78, 77, 76, 75, 74, 84),7)
(89,93,Set(89, 99, 98, 97, 96, 95, 94, 93),7)
(89,75,Set(89, 79, 78, 77, 76, 75),5)
(89,30,Set(89, 79, 80, 70, 60, 50, 40, 30),7)
(89,39,Set(89, 79, 69, 59, 49, 39),5)
(89,66,Set(89, 79, 78, 77, 76, 66),5)
(89,15,Set(89, 79, 69, 59, 58, 57, 47, 46, 36, 26, 25, 15),11)
(89,51,Set(89, 79, 69, 59, 58, 57, 56, 55, 54, 53, 52, 51),11)
(89,6,Set(89, 79, 69, 59, 58, 57, 47, 46, 36, 26, 16, 6),11)
(89,24,Set(89, 79, 69, 59, 58, 57, 47, 46, 36, 26, 25, 24),11)
(89,33,Set(89, 79, 69, 59, 58, 57, 47, 46, 36, 35, 34, 33),11)
(90,92,Set(90, 89, 99, 98, 97, 96, 95, 94, 93, 92),9)
(90,83,Set(90, 80, 79, 78, 77, 76, 75, 74, 73, 83),9)
(90,23,Set(90, 80, 79, 69, 59, 58, 57, 47, 46, 36, 26, 25, 24, 23),13)
(90,95,Set(90, 89, 99, 98, 97, 96, 95),6)
(90,86,Set(90, 80, 79, 78, 77, 76, 86),6)
(90,77,Set(90, 80, 79, 78, 77),4)
(90,41,Set(90, 80, 79, 69, 59, 58, 57, 56, 55, 54, 53, 52, 51, 41),13)
(90,32,Set(90, 80, 79, 69, 59, 58, 57, 47, 46, 36, 35, 34, 33, 32),13)
(90,50,Set(90, 80, 70, 60, 50),4)
(90,59,Set(90, 80, 79, 69, 59),4)
(90,53,Set(90, 80, 79, 69, 59, 58, 57, 56, 55, 54, 53),10)
(90,17,Set(90, 80, 79, 69, 59, 58, 57, 47, 37, 27, 17),10)
(90,44,Set(90, 80, 79, 69, 59, 58, 57, 47, 46, 45, 44),10)
(90,35,Set(90, 80, 79, 69, 59, 58, 57, 47, 46, 36, 35),10)
(90,26,Set(90, 80, 79, 69, 59, 58, 57, 47, 46, 36, 26),10)
(90,89,Set(90, 89),1)
(90,80,Set(90, 80),1)
(90,71,Set(90, 80, 79, 78, 77, 76, 75, 74, 73, 72, 71),10)
(90,98,Set(90, 89, 99, 98),3)
(90,11,Set(90, 80, 79, 69, 59, 58, 57, 47, 46, 36, 26, 25, 24, 23, 13, 12, 11),16)
(90,74,Set(90, 80, 79, 78, 77, 76, 75, 74),7)
(90,56,Set(90, 80, 79, 69, 59, 58, 57, 56),7)
(90,47,Set(90, 80, 79, 69, 59, 58, 57, 47),7)
(90,38,Set(90, 80, 79, 69, 59, 49, 39, 38),7)
(90,29,Set(90, 80, 79, 69, 59, 49, 39, 29),7)
(90,20,Set(90, 80, 70, 60, 50, 40, 30, 20),7)
(90,65,Set(90, 80, 79, 78, 77, 76, 75, 65),7)
(90,5,Set(90, 80, 79, 69, 59, 58, 57, 47, 46, 36, 26, 25, 15, 5),13)
(90,14,Set(90, 80, 79, 69, 59, 58, 57, 47, 46, 36, 26, 25, 24, 14),13)
(90,46,Set(90, 80, 79, 69, 59, 58, 57, 47, 46),8)
(90,100,Set(90, 100),1)
(90,91,Set(90, 89, 99, 98, 97, 96, 95, 94, 93, 92, 91),10)
(90,55,Set(90, 80, 79, 69, 59, 58, 57, 56, 55),8)
(90,64,Set(90, 80, 79, 78, 77, 76, 75, 65, 64),8)
(90,73,Set(90, 80, 79, 78, 77, 76, 75, 74, 73),8)
(90,58,Set(90, 80, 79, 69, 59, 58),5)
(90,67,Set(90, 80, 79, 78, 77, 67),5)
(90,85,Set(90, 80, 79, 78, 77, 76, 75, 85),7)
(90,94,Set(90, 89, 99, 98, 97, 96, 95, 94),7)
(90,40,Set(90, 80, 70, 60, 50, 40),5)
(90,49,Set(90, 80, 79, 69, 59, 49),5)
(90,4,Set(90, 80, 79, 69, 59, 58, 57, 47, 46, 36, 26, 25, 24, 14, 4),14)
(90,13,Set(90, 80, 79, 69, 59, 58, 57, 47, 46, 36, 26, 25, 24, 23, 13),14)
(90,31,Set(90, 80, 79, 69, 59, 58, 57, 47, 46, 36, 35, 34, 33, 32, 31),14)
(90,76,Set(90, 80, 79, 78, 77, 76),5)
(90,16,Set(90, 80, 79, 69, 59, 58, 57, 47, 46, 36, 26, 16),11)
(90,97,Set(90, 89, 99, 98, 97),4)
(90,7,Set(90, 80, 79, 69, 59, 58, 57, 47, 37, 27, 17, 7),11)
(90,79,Set(90, 80, 79),2)
(90,52,Set(90, 80, 79, 69, 59, 58, 57, 56, 55, 54, 53, 52),11)
(90,43,Set(90, 80, 79, 69, 59, 58, 57, 47, 46, 45, 44, 43),11)
(90,70,Set(90, 80, 70),2)
(90,25,Set(90, 80, 79, 69, 59, 58, 57, 47, 46, 36, 26, 25),11)
(90,34,Set(90, 80, 79, 69, 59, 58, 57, 47, 46, 36, 35, 34),11)
(90,61,Set(90, 80, 79, 78, 77, 76, 75, 74, 73, 72, 71, 61),11)
(90,10,Set(90, 80, 70, 60, 50, 40, 30, 20, 10),8)
(90,37,Set(90, 80, 79, 69, 59, 58, 57, 47, 37),8)
(90,1,Set(90, 80, 79, 69, 59, 58, 57, 47, 46, 36, 26, 25, 24, 23, 13, 12, 11, 1),17)
(90,28,Set(90, 80, 79, 69, 59, 49, 39, 29, 28),8)
(90,19,Set(90, 80, 79, 69, 59, 49, 39, 29, 19),8)
(90,60,Set(90, 80, 70, 60),3)
(90,87,Set(90, 80, 79, 78, 77, 87),5)
(90,96,Set(90, 89, 99, 98, 97, 96),5)
(90,78,Set(90, 80, 79, 78),3)
(90,69,Set(90, 80, 79, 69),3)
(90,63,Set(90, 80, 79, 78, 77, 76, 75, 65, 64, 63),9)
(90,99,Set(90, 89, 99),2)
(90,54,Set(90, 80, 79, 69, 59, 58, 57, 56, 55, 54),9)
(90,45,Set(90, 80, 79, 69, 59, 58, 57, 47, 46, 45),9)
(90,81,Set(90, 80, 79, 78, 77, 76, 75, 74, 73, 72, 71, 81),11)
(90,72,Set(90, 80, 79, 78, 77, 76, 75, 74, 73, 72),9)
(90,27,Set(90, 80, 79, 69, 59, 58, 57, 47, 37, 27),9)
(90,36,Set(90, 80, 79, 69, 59, 58, 57, 47, 46, 36),9)
(90,9,Set(90, 80, 79, 69, 59, 49, 39, 29, 19, 9),9)
(90,18,Set(90, 80, 79, 69, 59, 49, 39, 29, 28, 18),9)
(90,21,Set(90, 80, 79, 69, 59, 58, 57, 47, 46, 36, 35, 34, 33, 32, 31, 21),15)
(90,57,Set(90, 80, 79, 69, 59, 58, 57),6)
(90,3,Set(90, 80, 79, 69, 59, 58, 57, 47, 46, 36, 26, 25, 24, 23, 13, 3),15)
(90,12,Set(90, 80, 79, 69, 59, 58, 57, 47, 46, 36, 26, 25, 24, 23, 13, 12),15)
(90,84,Set(90, 80, 79, 78, 77, 76, 75, 74, 84),8)
(90,93,Set(90, 89, 99, 98, 97, 96, 95, 94, 93),8)
(90,75,Set(90, 80, 79, 78, 77, 76, 75),6)
(90,30,Set(90, 80, 70, 60, 50, 40, 30),6)
(90,39,Set(90, 80, 79, 69, 59, 49, 39),6)
(90,66,Set(90, 80, 79, 78, 77, 76, 66),6)
(90,15,Set(90, 80, 79, 69, 59, 58, 57, 47, 46, 36, 26, 25, 15),12)
(90,51,Set(90, 80, 79, 69, 59, 58, 57, 56, 55, 54, 53, 52, 51),12)
(90,6,Set(90, 80, 79, 69, 59, 58, 57, 47, 46, 36, 26, 16, 6),12)
(90,24,Set(90, 80, 79, 69, 59, 58, 57, 47, 46, 36, 26, 25, 24),12)
(90,33,Set(90, 80, 79, 69, 59, 58, 57, 47, 46, 36, 35, 34, 33),12)
(91,92,Set(91, 92),1)
(91,83,Set(91, 92, 93, 83),3)
(91,95,Set(91, 92, 93, 94, 95),4)
(91,23,Set(91, 92, 93, 83, 73, 63, 53, 43, 33, 23),9)
(91,86,Set(91, 92, 93, 94, 95, 85, 86),6)
(91,77,Set(91, 92, 93, 94, 95, 85, 75, 76, 77),8)
(91,50,Set(91, 92, 93, 94, 95, 85, 75, 65, 55, 56, 57, 58, 59, 49, 50),14)
(91,59,Set(91, 92, 93, 94, 95, 85, 75, 65, 55, 56, 57, 58, 59),12)
(91,41,Set(91, 81, 71, 61, 51, 41),5)
(91,32,Set(91, 81, 71, 61, 51, 41, 31, 32),7)
(91,53,Set(91, 92, 93, 83, 73, 63, 53),6)
(91,17,Set(91, 92, 93, 94, 95, 85, 75, 65, 55, 56, 57, 47, 37, 27, 17),14)
(91,35,Set(91, 92, 93, 94, 95, 85, 75, 65, 55, 45, 35),10)
(91,44,Set(91, 92, 93, 94, 84, 74, 64, 54, 44),8)
(91,26,Set(91, 92, 93, 94, 95, 85, 75, 65, 55, 56, 46, 36, 26),12)
(91,80,Set(91, 92, 93, 94, 95, 85, 75, 76, 77, 78, 79, 80),11)
(91,89,Set(91, 92, 93, 94, 95, 96, 97, 98, 99, 89),9)
(91,71,Set(91, 81, 71),2)
(91,98,Set(91, 92, 93, 94, 95, 96, 97, 98),7)
(91,11,Set(91, 81, 71, 61, 51, 41, 31, 21, 11),8)
(91,74,Set(91, 92, 93, 94, 84, 74),5)
(91,56,Set(91, 92, 93, 94, 95, 85, 75, 65, 55, 56),9)
(91,29,Set(91, 92, 93, 94, 95, 85, 75, 65, 55, 56, 57, 47, 37, 38, 28, 29),15)
(91,38,Set(91, 92, 93, 94, 95, 85, 75, 65, 55, 56, 57, 47, 37, 38),13)
(91,47,Set(91, 92, 93, 94, 95, 85, 75, 65, 55, 56, 57, 47),11)
(91,20,Set(91, 92, 93, 94, 95, 85, 75, 65, 55, 56, 57, 47, 37, 38, 28, 29, 19, 20),17)
(91,65,Set(91, 92, 93, 94, 95, 85, 75, 65),7)
(91,5,Set(91, 92, 93, 94, 95, 85, 75, 65, 55, 45, 35, 25, 15, 5),13)
(91,14,Set(91, 92, 93, 94, 84, 74, 64, 54, 44, 34, 24, 14),11)
(91,46,Set(91, 92, 93, 94, 95, 85, 75, 65, 55, 56, 46),10)
(91,100,Set(91, 92, 93, 94, 95, 96, 97, 98, 99, 100),9)
(91,64,Set(91, 92, 93, 94, 84, 74, 64),6)
(91,73,Set(91, 92, 93, 83, 73),4)
(91,55,Set(91, 92, 93, 94, 95, 85, 75, 65, 55),8)
(91,58,Set(91, 92, 93, 94, 95, 85, 75, 65, 55, 56, 57, 58),11)
(91,85,Set(91, 92, 93, 94, 95, 85),5)
(91,94,Set(91, 92, 93, 94),3)
(91,67,Set(91, 92, 93, 94, 95, 85, 75, 65, 66, 67),9)
(91,40,Set(91, 92, 93, 94, 95, 85, 75, 65, 55, 56, 57, 47, 37, 38, 39, 40),15)
(91,49,Set(91, 92, 93, 94, 95, 85, 75, 65, 55, 56, 57, 58, 59, 49),13)
(91,4,Set(91, 92, 93, 94, 84, 74, 64, 54, 44, 34, 24, 14, 4),12)
(91,13,Set(91, 92, 93, 83, 73, 63, 53, 43, 33, 23, 13),10)
(91,31,Set(91, 81, 71, 61, 51, 41, 31),6)
(91,76,Set(91, 92, 93, 94, 95, 85, 75, 76),7)
(91,16,Set(91, 92, 93, 94, 95, 85, 75, 65, 55, 56, 46, 36, 26, 16),13)
(91,97,Set(91, 92, 93, 94, 95, 96, 97),6)
(91,7,Set(91, 92, 93, 94, 95, 85, 75, 65, 55, 56, 57, 47, 37, 27, 17, 7),15)
(91,79,Set(91, 92, 93, 94, 95, 85, 75, 76, 77, 78, 79),10)
(91,70,Set(91, 92, 93, 94, 95, 85, 75, 76, 77, 78, 79, 80, 70),12)
(91,52,Set(91, 81, 71, 61, 51, 52),5)
(91,43,Set(91, 92, 93, 83, 73, 63, 53, 43),7)
(91,25,Set(91, 92, 93, 94, 95, 85, 75, 65, 55, 45, 35, 25),11)
(91,34,Set(91, 92, 93, 94, 84, 74, 64, 54, 44, 34),9)
(91,61,Set(91, 81, 71, 61),3)
(91,10,Set(91, 92, 93, 94, 95, 85, 75, 65, 55, 56, 57, 47, 37, 38, 28, 29, 19, 20, 10),18)
(91,37,Set(91, 92, 93, 94, 95, 85, 75, 65, 55, 56, 57, 47, 37),12)
(91,1,Set(91, 81, 71, 61, 51, 41, 31, 21, 11, 1),9)
(91,19,Set(91, 92, 93, 94, 95, 85, 75, 65, 55, 56, 57, 47, 37, 38, 28, 29, 19),16)
(91,28,Set(91, 92, 93, 94, 95, 85, 75, 65, 55, 56, 57, 47, 37, 38, 28),14)
(91,60,Set(91, 92, 93, 94, 95, 85, 75, 65, 55, 56, 57, 58, 59, 60),13)
(91,87,Set(91, 92, 93, 94, 95, 85, 86, 87),7)
(91,96,Set(91, 92, 93, 94, 95, 96),5)
(91,69,Set(91, 92, 93, 94, 95, 85, 75, 76, 77, 78, 79, 69),11)
(91,78,Set(91, 92, 93, 94, 95, 85, 75, 76, 77, 78),9)
(91,90,Set(91, 92, 93, 94, 95, 96, 97, 98, 99, 89, 90),10)
(91,63,Set(91, 92, 93, 83, 73, 63),5)
(91,99,Set(91, 92, 93, 94, 95, 96, 97, 98, 99),8)
(91,54,Set(91, 92, 93, 94, 84, 74, 64, 54),7)
(91,45,Set(91, 92, 93, 94, 95, 85, 75, 65, 55, 45),9)
(91,81,Set(91, 81),1)
(91,72,Set(91, 81, 71, 72),3)
(91,27,Set(91, 92, 93, 94, 95, 85, 75, 65, 55, 56, 57, 47, 37, 27),13)
(91,36,Set(91, 92, 93, 94, 95, 85, 75, 65, 55, 56, 46, 36),11)
(91,9,Set(91, 92, 93, 94, 95, 85, 75, 65, 55, 56, 57, 47, 37, 38, 28, 29, 19, 9),17)
(91,18,Set(91, 92, 93, 94, 95, 85, 75, 65, 55, 56, 57, 47, 37, 38, 28, 18),15)
(91,57,Set(91, 92, 93, 94, 95, 85, 75, 65, 55, 56, 57),10)
(91,21,Set(91, 81, 71, 61, 51, 41, 31, 21),7)
(91,3,Set(91, 92, 93, 83, 73, 63, 53, 43, 33, 23, 13, 3),11)
(91,84,Set(91, 92, 93, 94, 84),4)
(91,12,Set(91, 81, 71, 61, 51, 41, 31, 21, 11, 12),9)
(91,93,Set(91, 92, 93),2)
(91,75,Set(91, 92, 93, 94, 95, 85, 75),6)
(91,30,Set(91, 92, 93, 94, 95, 85, 75, 65, 55, 56, 57, 47, 37, 38, 28, 29, 30),16)
(91,39,Set(91, 92, 93, 94, 95, 85, 75, 65, 55, 56, 57, 47, 37, 38, 39),14)
(91,66,Set(91, 92, 93, 94, 95, 85, 75, 65, 66),8)
(91,15,Set(91, 92, 93, 94, 95, 85, 75, 65, 55, 45, 35, 25, 15),12)
(91,51,Set(91, 81, 71, 61, 51),4)
(91,6,Set(91, 92, 93, 94, 95, 85, 75, 65, 55, 56, 46, 36, 26, 16, 6),14)
(91,24,Set(91, 92, 93, 94, 84, 74, 64, 54, 44, 34, 24),10)
(91,33,Set(91, 92, 93, 83, 73, 63, 53, 43, 33),8)
(92,83,Set(92, 93, 83),2)
(92,95,Set(92, 93, 94, 95),3)
(92,23,Set(92, 93, 83, 73, 63, 53, 43, 33, 23),8)
(92,86,Set(92, 93, 94, 95, 85, 86),5)
(92,77,Set(92, 93, 94, 95, 85, 75, 76, 77),7)
(92,50,Set(92, 93, 94, 95, 85, 75, 65, 55, 56, 57, 58, 59, 49, 50),13)
(92,59,Set(92, 93, 94, 95, 85, 75, 65, 55, 56, 57, 58, 59),11)
(92,41,Set(92, 91, 81, 71, 61, 51, 41),6)
(92,32,Set(92, 91, 81, 71, 61, 51, 41, 31, 32),8)
(92,53,Set(92, 93, 83, 73, 63, 53),5)
(92,17,Set(92, 93, 94, 95, 85, 75, 65, 55, 56, 57, 47, 37, 27, 17),13)
(92,35,Set(92, 93, 94, 95, 85, 75, 65, 55, 45, 35),9)
(92,44,Set(92, 93, 94, 84, 74, 64, 54, 44),7)
(92,26,Set(92, 93, 94, 95, 85, 75, 65, 55, 56, 46, 36, 26),11)
(92,80,Set(92, 93, 94, 95, 85, 75, 76, 77, 78, 79, 80),10)
(92,89,Set(92, 93, 94, 95, 96, 97, 98, 99, 89),8)
(92,71,Set(92, 91, 81, 71),3)
(92,98,Set(92, 93, 94, 95, 96, 97, 98),6)
(92,11,Set(92, 91, 81, 71, 61, 51, 41, 31, 21, 11),9)
(92,74,Set(92, 93, 94, 84, 74),4)
(92,56,Set(92, 93, 94, 95, 85, 75, 65, 55, 56),8)
(92,29,Set(92, 93, 94, 95, 85, 75, 65, 55, 56, 57, 47, 37, 38, 28, 29),14)
(92,38,Set(92, 93, 94, 95, 85, 75, 65, 55, 56, 57, 47, 37, 38),12)
(92,47,Set(92, 93, 94, 95, 85, 75, 65, 55, 56, 57, 47),10)
(92,20,Set(92, 93, 94, 95, 85, 75, 65, 55, 56, 57, 47, 37, 38, 28, 29, 19, 20),16)
(92,65,Set(92, 93, 94, 95, 85, 75, 65),6)
(92,5,Set(92, 93, 94, 95, 85, 75, 65, 55, 45, 35, 25, 15, 5),12)
(92,14,Set(92, 93, 94, 84, 74, 64, 54, 44, 34, 24, 14),10)
(92,46,Set(92, 93, 94, 95, 85, 75, 65, 55, 56, 46),9)
(92,100,Set(92, 93, 94, 95, 96, 97, 98, 99, 100),8)
(92,91,Set(92, 91),1)
(92,64,Set(92, 93, 94, 84, 74, 64),5)
(92,73,Set(92, 93, 83, 73),3)
(92,55,Set(92, 93, 94, 95, 85, 75, 65, 55),7)
(92,58,Set(92, 93, 94, 95, 85, 75, 65, 55, 56, 57, 58),10)
(92,94,Set(92, 93, 94),2)
(92,85,Set(92, 93, 94, 95, 85),4)
(92,67,Set(92, 93, 94, 95, 85, 75, 65, 66, 67),8)
(92,40,Set(92, 93, 94, 95, 85, 75, 65, 55, 56, 57, 47, 37, 38, 39, 40),14)
(92,49,Set(92, 93, 94, 95, 85, 75, 65, 55, 56, 57, 58, 59, 49),12)
(92,4,Set(92, 93, 94, 84, 74, 64, 54, 44, 34, 24, 14, 4),11)
(92,13,Set(92, 93, 83, 73, 63, 53, 43, 33, 23, 13),9)
(92,76,Set(92, 93, 94, 95, 85, 75, 76),6)
(92,31,Set(92, 91, 81, 71, 61, 51, 41, 31),7)
(92,16,Set(92, 93, 94, 95, 85, 75, 65, 55, 56, 46, 36, 26, 16),12)
(92,97,Set(92, 93, 94, 95, 96, 97),5)
(92,7,Set(92, 93, 94, 95, 85, 75, 65, 55, 56, 57, 47, 37, 27, 17, 7),14)
(92,79,Set(92, 93, 94, 95, 85, 75, 76, 77, 78, 79),9)
(92,70,Set(92, 93, 94, 95, 85, 75, 76, 77, 78, 79, 80, 70),11)
(92,52,Set(92, 91, 81, 71, 61, 51, 52),6)
(92,43,Set(92, 93, 83, 73, 63, 53, 43),6)
(92,25,Set(92, 93, 94, 95, 85, 75, 65, 55, 45, 35, 25),10)
(92,34,Set(92, 93, 94, 84, 74, 64, 54, 44, 34),8)
(92,61,Set(92, 91, 81, 71, 61),4)
(92,10,Set(92, 93, 94, 95, 85, 75, 65, 55, 56, 57, 47, 37, 38, 28, 29, 19, 20, 10),17)
(92,37,Set(92, 93, 94, 95, 85, 75, 65, 55, 56, 57, 47, 37),11)
(92,1,Set(92, 91, 81, 71, 61, 51, 41, 31, 21, 11, 1),10)
(92,19,Set(92, 93, 94, 95, 85, 75, 65, 55, 56, 57, 47, 37, 38, 28, 29, 19),15)
(92,28,Set(92, 93, 94, 95, 85, 75, 65, 55, 56, 57, 47, 37, 38, 28),13)
(92,60,Set(92, 93, 94, 95, 85, 75, 65, 55, 56, 57, 58, 59, 60),12)
(92,87,Set(92, 93, 94, 95, 85, 86, 87),6)
(92,96,Set(92, 93, 94, 95, 96),4)
(92,69,Set(92, 93, 94, 95, 85, 75, 76, 77, 78, 79, 69),10)
(92,78,Set(92, 93, 94, 95, 85, 75, 76, 77, 78),8)
(92,90,Set(92, 93, 94, 95, 96, 97, 98, 99, 89, 90),9)
(92,63,Set(92, 93, 83, 73, 63),4)
(92,99,Set(92, 93, 94, 95, 96, 97, 98, 99),7)
(92,54,Set(92, 93, 94, 84, 74, 64, 54),6)
(92,45,Set(92, 93, 94, 95, 85, 75, 65, 55, 45),8)
(92,81,Set(92, 91, 81),2)
(92,72,Set(92, 91, 81, 71, 72),4)
(92,27,Set(92, 93, 94, 95, 85, 75, 65, 55, 56, 57, 47, 37, 27),12)
(92,36,Set(92, 93, 94, 95, 85, 75, 65, 55, 56, 46, 36),10)
(92,9,Set(92, 93, 94, 95, 85, 75, 65, 55, 56, 57, 47, 37, 38, 28, 29, 19, 9),16)
(92,18,Set(92, 93, 94, 95, 85, 75, 65, 55, 56, 57, 47, 37, 38, 28, 18),14)
(92,21,Set(92, 91, 81, 71, 61, 51, 41, 31, 21),8)
(92,57,Set(92, 93, 94, 95, 85, 75, 65, 55, 56, 57),9)
(92,3,Set(92, 93, 83, 73, 63, 53, 43, 33, 23, 13, 3),10)
(92,12,Set(92, 91, 81, 71, 61, 51, 41, 31, 21, 11, 12),10)
(92,84,Set(92, 93, 94, 84),3)
(92,93,Set(92, 93),1)
(92,75,Set(92, 93, 94, 95, 85, 75),5)
(92,30,Set(92, 93, 94, 95, 85, 75, 65, 55, 56, 57, 47, 37, 38, 28, 29, 30),15)
(92,39,Set(92, 93, 94, 95, 85, 75, 65, 55, 56, 57, 47, 37, 38, 39),13)
(92,66,Set(92, 93, 94, 95, 85, 75, 65, 66),7)
(92,15,Set(92, 93, 94, 95, 85, 75, 65, 55, 45, 35, 25, 15),11)
(92,51,Set(92, 91, 81, 71, 61, 51),5)
(92,6,Set(92, 93, 94, 95, 85, 75, 65, 55, 56, 46, 36, 26, 16, 6),13)
(92,24,Set(92, 93, 94, 84, 74, 64, 54, 44, 34, 24),9)
(92,33,Set(92, 93, 83, 73, 63, 53, 43, 33),7)
(93,92,Set(93, 92),1)
(93,83,Set(93, 83),1)
(93,95,Set(93, 94, 95),2)
(93,23,Set(93, 83, 73, 63, 53, 43, 33, 23),7)
(93,86,Set(93, 94, 95, 85, 86),4)
(93,77,Set(93, 94, 95, 85, 75, 76, 77),6)
(93,50,Set(93, 94, 95, 85, 75, 65, 55, 56, 57, 58, 59, 49, 50),12)
(93,59,Set(93, 94, 95, 85, 75, 65, 55, 56, 57, 58, 59),10)
(93,41,Set(93, 92, 91, 81, 71, 61, 51, 41),7)
(93,32,Set(93, 83, 73, 63, 53, 43, 33, 32),7)
(93,53,Set(93, 83, 73, 63, 53),4)
(93,17,Set(93, 94, 95, 85, 75, 65, 55, 56, 57, 47, 37, 27, 17),12)
(93,44,Set(93, 94, 84, 74, 64, 54, 44),6)
(93,35,Set(93, 94, 95, 85, 75, 65, 55, 45, 35),8)
(93,26,Set(93, 94, 95, 85, 75, 65, 55, 56, 46, 36, 26),10)
(93,80,Set(93, 94, 95, 85, 75, 76, 77, 78, 79, 80),9)
(93,89,Set(93, 94, 95, 96, 97, 98, 99, 89),7)
(93,71,Set(93, 92, 91, 81, 71),4)
(93,98,Set(93, 94, 95, 96, 97, 98),5)
(93,11,Set(93, 92, 91, 81, 71, 61, 51, 41, 31, 21, 11),10)
(93,74,Set(93, 94, 84, 74),3)
(93,56,Set(93, 94, 95, 85, 75, 65, 55, 56),7)
(93,29,Set(93, 94, 95, 85, 75, 65, 55, 56, 57, 47, 37, 38, 28, 29),13)
(93,38,Set(93, 94, 95, 85, 75, 65, 55, 56, 57, 47, 37, 38),11)
(93,47,Set(93, 94, 95, 85, 75, 65, 55, 56, 57, 47),9)
(93,20,Set(93, 94, 95, 85, 75, 65, 55, 56, 57, 47, 37, 38, 28, 29, 19, 20),15)
(93,65,Set(93, 94, 95, 85, 75, 65),5)
(93,5,Set(93, 94, 95, 85, 75, 65, 55, 45, 35, 25, 15, 5),11)
(93,14,Set(93, 94, 84, 74, 64, 54, 44, 34, 24, 14),9)
(93,46,Set(93, 94, 95, 85, 75, 65, 55, 56, 46),8)
(93,100,Set(93, 94, 95, 96, 97, 98, 99, 100),7)
(93,91,Set(93, 92, 91),2)
(93,64,Set(93, 94, 84, 74, 64),4)
(93,73,Set(93, 83, 73),2)
(93,55,Set(93, 94, 95, 85, 75, 65, 55),6)
(93,58,Set(93, 94, 95, 85, 75, 65, 55, 56, 57, 58),9)
(93,94,Set(93, 94),1)
(93,85,Set(93, 94, 95, 85),3)
(93,67,Set(93, 94, 95, 85, 75, 65, 66, 67),7)
(93,40,Set(93, 94, 95, 85, 75, 65, 55, 56, 57, 47, 37, 38, 39, 40),13)
(93,49,Set(93, 94, 95, 85, 75, 65, 55, 56, 57, 58, 59, 49),11)
(93,4,Set(93, 94, 84, 74, 64, 54, 44, 34, 24, 14, 4),10)
(93,13,Set(93, 83, 73, 63, 53, 43, 33, 23, 13),8)
(93,31,Set(93, 92, 91, 81, 71, 61, 51, 41, 31),8)
(93,76,Set(93, 94, 95, 85, 75, 76),5)
(93,16,Set(93, 94, 95, 85, 75, 65, 55, 56, 46, 36, 26, 16),11)
(93,97,Set(93, 94, 95, 96, 97),4)
(93,7,Set(93, 94, 95, 85, 75, 65, 55, 56, 57, 47, 37, 27, 17, 7),13)
(93,79,Set(93, 94, 95, 85, 75, 76, 77, 78, 79),8)
(93,70,Set(93, 94, 95, 85, 75, 76, 77, 78, 79, 80, 70),10)
(93,43,Set(93, 83, 73, 63, 53, 43),5)
(93,52,Set(93, 83, 73, 63, 53, 52),5)
(93,25,Set(93, 94, 95, 85, 75, 65, 55, 45, 35, 25),9)
(93,34,Set(93, 94, 84, 74, 64, 54, 44, 34),7)
(93,61,Set(93, 92, 91, 81, 71, 61),5)
(93,10,Set(93, 94, 95, 85, 75, 65, 55, 56, 57, 47, 37, 38, 28, 29, 19, 20, 10),16)
(93,37,Set(93, 94, 95, 85, 75, 65, 55, 56, 57, 47, 37),10)
(93,1,Set(93, 92, 91, 81, 71, 61, 51, 41, 31, 21, 11, 1),11)
(93,19,Set(93, 94, 95, 85, 75, 65, 55, 56, 57, 47, 37, 38, 28, 29, 19),14)
(93,28,Set(93, 94, 95, 85, 75, 65, 55, 56, 57, 47, 37, 38, 28),12)
(93,60,Set(93, 94, 95, 85, 75, 65, 55, 56, 57, 58, 59, 60),11)
(93,87,Set(93, 94, 95, 85, 86, 87),5)
(93,96,Set(93, 94, 95, 96),3)
(93,69,Set(93, 94, 95, 85, 75, 76, 77, 78, 79, 69),9)
(93,78,Set(93, 94, 95, 85, 75, 76, 77, 78),7)
(93,90,Set(93, 94, 95, 96, 97, 98, 99, 89, 90),8)
(93,63,Set(93, 83, 73, 63),3)
(93,99,Set(93, 94, 95, 96, 97, 98, 99),6)
(93,54,Set(93, 94, 84, 74, 64, 54),5)
(93,45,Set(93, 94, 95, 85, 75, 65, 55, 45),7)
(93,72,Set(93, 83, 73, 72),3)
(93,81,Set(93, 92, 91, 81),3)
(93,27,Set(93, 94, 95, 85, 75, 65, 55, 56, 57, 47, 37, 27),11)
(93,36,Set(93, 94, 95, 85, 75, 65, 55, 56, 46, 36),9)
(93,9,Set(93, 94, 95, 85, 75, 65, 55, 56, 57, 47, 37, 38, 28, 29, 19, 9),15)
(93,18,Set(93, 94, 95, 85, 75, 65, 55, 56, 57, 47, 37, 38, 28, 18),13)
(93,21,Set(93, 92, 91, 81, 71, 61, 51, 41, 31, 21),9)
(93,57,Set(93, 94, 95, 85, 75, 65, 55, 56, 57),8)
(93,3,Set(93, 83, 73, 63, 53, 43, 33, 23, 13, 3),9)
(93,12,Set(93, 83, 73, 63, 53, 43, 33, 23, 13, 12),9)
(93,84,Set(93, 94, 84),2)
(93,75,Set(93, 94, 95, 85, 75),4)
(93,30,Set(93, 94, 95, 85, 75, 65, 55, 56, 57, 47, 37, 38, 28, 29, 30),14)
(93,39,Set(93, 94, 95, 85, 75, 65, 55, 56, 57, 47, 37, 38, 39),12)
(93,66,Set(93, 94, 95, 85, 75, 65, 66),6)
(93,15,Set(93, 94, 95, 85, 75, 65, 55, 45, 35, 25, 15),10)
(93,51,Set(93, 92, 91, 81, 71, 61, 51),6)
(93,6,Set(93, 94, 95, 85, 75, 65, 55, 56, 46, 36, 26, 16, 6),12)
(93,33,Set(93, 83, 73, 63, 53, 43, 33),6)
(93,24,Set(93, 94, 84, 74, 64, 54, 44, 34, 24),8)
(94,92,Set(94, 93, 92),2)
(94,83,Set(94, 93, 83),2)
(94,23,Set(94, 93, 83, 73, 63, 53, 43, 33, 23),8)
(94,95,Set(94, 95),1)
(94,77,Set(94, 95, 85, 75, 76, 77),5)
(94,86,Set(94, 95, 85, 86),3)
(94,50,Set(94, 95, 85, 75, 65, 55, 56, 57, 58, 59, 49, 50),11)
(94,59,Set(94, 95, 85, 75, 65, 55, 56, 57, 58, 59),9)
(94,32,Set(94, 93, 83, 73, 63, 53, 43, 33, 32),8)
(94,41,Set(94, 93, 92, 91, 81, 71, 61, 51, 41),8)
(94,53,Set(94, 93, 83, 73, 63, 53),5)
(94,17,Set(94, 95, 85, 75, 65, 55, 56, 57, 47, 37, 27, 17),11)
(94,44,Set(94, 84, 74, 64, 54, 44),5)
(94,35,Set(94, 95, 85, 75, 65, 55, 45, 35),7)
(94,26,Set(94, 95, 85, 75, 65, 55, 56, 46, 36, 26),9)
(94,89,Set(94, 95, 96, 97, 98, 99, 89),6)
(94,80,Set(94, 95, 85, 75, 76, 77, 78, 79, 80),8)
(94,98,Set(94, 95, 96, 97, 98),4)
(94,71,Set(94, 93, 92, 91, 81, 71),5)
(94,11,Set(94, 93, 92, 91, 81, 71, 61, 51, 41, 31, 21, 11),11)
(94,74,Set(94, 84, 74),2)
(94,56,Set(94, 95, 85, 75, 65, 55, 56),6)
(94,29,Set(94, 95, 85, 75, 65, 55, 56, 57, 47, 37, 38, 28, 29),12)
(94,38,Set(94, 95, 85, 75, 65, 55, 56, 57, 47, 37, 38),10)
(94,47,Set(94, 95, 85, 75, 65, 55, 56, 57, 47),8)
(94,20,Set(94, 95, 85, 75, 65, 55, 56, 57, 47, 37, 38, 28, 29, 19, 20),14)
(94,65,Set(94, 95, 85, 75, 65),4)
(94,5,Set(94, 95, 85, 75, 65, 55, 45, 35, 25, 15, 5),10)
(94,14,Set(94, 84, 74, 64, 54, 44, 34, 24, 14),8)
(94,46,Set(94, 95, 85, 75, 65, 55, 56, 46),7)
(94,100,Set(94, 95, 96, 97, 98, 99, 100),6)
(94,91,Set(94, 93, 92, 91),3)
(94,55,Set(94, 95, 85, 75, 65, 55),5)
(94,64,Set(94, 84, 74, 64),3)
(94,73,Set(94, 93, 83, 73),3)
(94,58,Set(94, 95, 85, 75, 65, 55, 56, 57, 58),8)
(94,85,Set(94, 95, 85),2)
(94,67,Set(94, 95, 85, 75, 65, 66, 67),6)
(94,40,Set(94, 95, 85, 75, 65, 55, 56, 57, 47, 37, 38, 39, 40),12)
(94,49,Set(94, 95, 85, 75, 65, 55, 56, 57, 58, 59, 49),10)
(94,4,Set(94, 84, 74, 64, 54, 44, 34, 24, 14, 4),9)
(94,13,Set(94, 93, 83, 73, 63, 53, 43, 33, 23, 13),9)
(94,31,Set(94, 93, 92, 91, 81, 71, 61, 51, 41, 31),9)
(94,76,Set(94, 95, 85, 75, 76),4)
(94,16,Set(94, 95, 85, 75, 65, 55, 56, 46, 36, 26, 16),10)
(94,97,Set(94, 95, 96, 97),3)
(94,7,Set(94, 95, 85, 75, 65, 55, 56, 57, 47, 37, 27, 17, 7),12)
(94,79,Set(94, 95, 85, 75, 76, 77, 78, 79),7)
(94,70,Set(94, 95, 85, 75, 76, 77, 78, 79, 80, 70),9)
(94,52,Set(94, 93, 83, 73, 63, 53, 52),6)
(94,43,Set(94, 93, 83, 73, 63, 53, 43),6)
(94,25,Set(94, 95, 85, 75, 65, 55, 45, 35, 25),8)
(94,34,Set(94, 84, 74, 64, 54, 44, 34),6)
(94,61,Set(94, 93, 92, 91, 81, 71, 61),6)
(94,10,Set(94, 95, 85, 75, 65, 55, 56, 57, 47, 37, 38, 28, 29, 19, 20, 10),15)
(94,37,Set(94, 95, 85, 75, 65, 55, 56, 57, 47, 37),9)
(94,1,Set(94, 93, 92, 91, 81, 71, 61, 51, 41, 31, 21, 11, 1),12)
(94,19,Set(94, 95, 85, 75, 65, 55, 56, 57, 47, 37, 38, 28, 29, 19),13)
(94,28,Set(94, 95, 85, 75, 65, 55, 56, 57, 47, 37, 38, 28),11)
(94,60,Set(94, 95, 85, 75, 65, 55, 56, 57, 58, 59, 60),10)
(94,87,Set(94, 95, 85, 86, 87),4)
(94,96,Set(94, 95, 96),2)
(94,78,Set(94, 95, 85, 75, 76, 77, 78),6)
(94,69,Set(94, 95, 85, 75, 76, 77, 78, 79, 69),8)
(94,63,Set(94, 93, 83, 73, 63),4)
(94,99,Set(94, 95, 96, 97, 98, 99),5)
(94,90,Set(94, 95, 96, 97, 98, 99, 89, 90),7)
(94,54,Set(94, 84, 74, 64, 54),4)
(94,45,Set(94, 95, 85, 75, 65, 55, 45),6)
(94,81,Set(94, 93, 92, 91, 81),4)
(94,72,Set(94, 93, 83, 73, 72),4)
(94,27,Set(94, 95, 85, 75, 65, 55, 56, 57, 47, 37, 27),10)
(94,36,Set(94, 95, 85, 75, 65, 55, 56, 46, 36),8)
(94,9,Set(94, 95, 85, 75, 65, 55, 56, 57, 47, 37, 38, 28, 29, 19, 9),14)
(94,18,Set(94, 95, 85, 75, 65, 55, 56, 57, 47, 37, 38, 28, 18),12)
(94,21,Set(94, 93, 92, 91, 81, 71, 61, 51, 41, 31, 21),10)
(94,57,Set(94, 95, 85, 75, 65, 55, 56, 57),7)
(94,3,Set(94, 93, 83, 73, 63, 53, 43, 33, 23, 13, 3),10)
(94,12,Set(94, 93, 83, 73, 63, 53, 43, 33, 23, 13, 12),10)
(94,84,Set(94, 84),1)
(94,93,Set(94, 93),1)
(94,75,Set(94, 95, 85, 75),3)
(94,30,Set(94, 95, 85, 75, 65, 55, 56, 57, 47, 37, 38, 28, 29, 30),13)
(94,39,Set(94, 95, 85, 75, 65, 55, 56, 57, 47, 37, 38, 39),11)
(94,66,Set(94, 95, 85, 75, 65, 66),5)
(94,15,Set(94, 95, 85, 75, 65, 55, 45, 35, 25, 15),9)
(94,51,Set(94, 93, 92, 91, 81, 71, 61, 51),7)
(94,6,Set(94, 95, 85, 75, 65, 55, 56, 46, 36, 26, 16, 6),11)
(94,33,Set(94, 93, 83, 73, 63, 53, 43, 33),7)
(94,24,Set(94, 84, 74, 64, 54, 44, 34, 24),7)
(95,92,Set(95, 94, 93, 92),3)
(95,83,Set(95, 94, 93, 83),3)
(95,23,Set(95, 94, 93, 83, 73, 63, 53, 43, 33, 23),9)
(95,77,Set(95, 85, 75, 76, 77),4)
(95,86,Set(95, 85, 86),2)
(95,50,Set(95, 85, 75, 65, 55, 56, 57, 58, 59, 49, 50),10)
(95,32,Set(95, 94, 93, 83, 73, 63, 53, 43, 33, 32),9)
(95,41,Set(95, 94, 93, 92, 91, 81, 71, 61, 51, 41),9)
(95,59,Set(95, 85, 75, 65, 55, 56, 57, 58, 59),8)
(95,53,Set(95, 94, 93, 83, 73, 63, 53),6)
(95,17,Set(95, 85, 75, 65, 55, 56, 57, 47, 37, 27, 17),10)
(95,44,Set(95, 94, 84, 74, 64, 54, 44),6)
(95,35,Set(95, 85, 75, 65, 55, 45, 35),6)
(95,26,Set(95, 85, 75, 65, 55, 56, 46, 36, 26),8)
(95,89,Set(95, 96, 97, 98, 99, 89),5)
(95,80,Set(95, 85, 75, 76, 77, 78, 79, 80),7)
(95,98,Set(95, 96, 97, 98),3)
(95,71,Set(95, 94, 93, 92, 91, 81, 71),6)
(95,11,Set(95, 94, 93, 92, 91, 81, 71, 61, 51, 41, 31, 21, 11),12)
(95,74,Set(95, 94, 84, 74),3)
(95,56,Set(95, 85, 75, 65, 55, 56),5)
(95,29,Set(95, 85, 75, 65, 55, 56, 57, 47, 37, 38, 28, 29),11)
(95,38,Set(95, 85, 75, 65, 55, 56, 57, 47, 37, 38),9)
(95,47,Set(95, 85, 75, 65, 55, 56, 57, 47),7)
(95,20,Set(95, 85, 75, 65, 55, 56, 57, 47, 37, 38, 28, 29, 19, 20),13)
(95,65,Set(95, 85, 75, 65),3)
(95,5,Set(95, 85, 75, 65, 55, 45, 35, 25, 15, 5),9)
(95,14,Set(95, 94, 84, 74, 64, 54, 44, 34, 24, 14),9)
(95,46,Set(95, 85, 75, 65, 55, 56, 46),6)
(95,100,Set(95, 96, 97, 98, 99, 100),5)
(95,91,Set(95, 94, 93, 92, 91),4)
(95,55,Set(95, 85, 75, 65, 55),4)
(95,73,Set(95, 94, 93, 83, 73),4)
(95,64,Set(95, 94, 84, 74, 64),4)
(95,67,Set(95, 85, 75, 65, 66, 67),5)
(95,85,Set(95, 85),1)
(95,94,Set(95, 94),1)
(95,58,Set(95, 85, 75, 65, 55, 56, 57, 58),7)
(95,40,Set(95, 85, 75, 65, 55, 56, 57, 47, 37, 38, 39, 40),11)
(95,49,Set(95, 85, 75, 65, 55, 56, 57, 58, 59, 49),9)
(95,4,Set(95, 94, 84, 74, 64, 54, 44, 34, 24, 14, 4),10)
(95,13,Set(95, 94, 93, 83, 73, 63, 53, 43, 33, 23, 13),10)
(95,31,Set(95, 94, 93, 92, 91, 81, 71, 61, 51, 41, 31),10)
(95,76,Set(95, 85, 75, 76),3)
(95,16,Set(95, 85, 75, 65, 55, 56, 46, 36, 26, 16),9)
(95,97,Set(95, 96, 97),2)
(95,7,Set(95, 85, 75, 65, 55, 56, 57, 47, 37, 27, 17, 7),11)
(95,79,Set(95, 85, 75, 76, 77, 78, 79),6)
(95,70,Set(95, 85, 75, 76, 77, 78, 79, 80, 70),8)
(95,52,Set(95, 94, 93, 83, 73, 63, 53, 52),7)
(95,43,Set(95, 94, 93, 83, 73, 63, 53, 43),7)
(95,25,Set(95, 85, 75, 65, 55, 45, 35, 25),7)
(95,34,Set(95, 94, 84, 74, 64, 54, 44, 34),7)
(95,61,Set(95, 94, 93, 92, 91, 81, 71, 61),7)
(95,10,Set(95, 85, 75, 65, 55, 56, 57, 47, 37, 38, 28, 29, 19, 20, 10),14)
(95,37,Set(95, 85, 75, 65, 55, 56, 57, 47, 37),8)
(95,1,Set(95, 94, 93, 92, 91, 81, 71, 61, 51, 41, 31, 21, 11, 1),13)
(95,19,Set(95, 85, 75, 65, 55, 56, 57, 47, 37, 38, 28, 29, 19),12)
(95,28,Set(95, 85, 75, 65, 55, 56, 57, 47, 37, 38, 28),10)
(95,60,Set(95, 85, 75, 65, 55, 56, 57, 58, 59, 60),9)
(95,87,Set(95, 85, 86, 87),3)
(95,96,Set(95, 96),1)
(95,78,Set(95, 85, 75, 76, 77, 78),5)
(95,69,Set(95, 85, 75, 76, 77, 78, 79, 69),7)
(95,99,Set(95, 96, 97, 98, 99),4)
(95,63,Set(95, 94, 93, 83, 73, 63),5)
(95,90,Set(95, 96, 97, 98, 99, 89, 90),6)
(95,54,Set(95, 94, 84, 74, 64, 54),5)
(95,45,Set(95, 85, 75, 65, 55, 45),5)
(95,72,Set(95, 94, 93, 83, 73, 72),5)
(95,81,Set(95, 94, 93, 92, 91, 81),5)
(95,27,Set(95, 85, 75, 65, 55, 56, 57, 47, 37, 27),9)
(95,36,Set(95, 85, 75, 65, 55, 56, 46, 36),7)
(95,9,Set(95, 85, 75, 65, 55, 56, 57, 47, 37, 38, 28, 29, 19, 9),13)
(95,18,Set(95, 85, 75, 65, 55, 56, 57, 47, 37, 38, 28, 18),11)
(95,21,Set(95, 94, 93, 92, 91, 81, 71, 61, 51, 41, 31, 21),11)
(95,57,Set(95, 85, 75, 65, 55, 56, 57),6)
(95,3,Set(95, 94, 93, 83, 73, 63, 53, 43, 33, 23, 13, 3),11)
(95,12,Set(95, 94, 93, 83, 73, 63, 53, 43, 33, 23, 13, 12),11)
(95,84,Set(95, 94, 84),2)
(95,93,Set(95, 94, 93),2)
(95,75,Set(95, 85, 75),2)
(95,30,Set(95, 85, 75, 65, 55, 56, 57, 47, 37, 38, 28, 29, 30),12)
(95,39,Set(95, 85, 75, 65, 55, 56, 57, 47, 37, 38, 39),10)
(95,66,Set(95, 85, 75, 65, 66),4)
(95,15,Set(95, 85, 75, 65, 55, 45, 35, 25, 15),8)
(95,51,Set(95, 94, 93, 92, 91, 81, 71, 61, 51),8)
(95,6,Set(95, 85, 75, 65, 55, 56, 46, 36, 26, 16, 6),10)
(95,24,Set(95, 94, 84, 74, 64, 54, 44, 34, 24),8)
(95,33,Set(95, 94, 93, 83, 73, 63, 53, 43, 33),8)
(96,92,Set(96, 95, 94, 93, 92),4)
(96,83,Set(96, 95, 94, 93, 83),4)
(96,23,Set(96, 95, 94, 93, 83, 73, 63, 53, 43, 33, 23),10)
(96,95,Set(96, 95),1)
(96,86,Set(96, 86),1)
(96,77,Set(96, 97, 87, 77),3)
(96,32,Set(96, 95, 94, 93, 83, 73, 63, 53, 43, 33, 32),10)
(96,41,Set(96, 95, 94, 93, 92, 91, 81, 71, 61, 51, 41),10)
(96,50,Set(96, 97, 98, 99, 89, 79, 80, 70, 60, 50),9)
(96,59,Set(96, 97, 98, 99, 89, 79, 69, 59),7)
(96,53,Set(96, 95, 94, 93, 83, 73, 63, 53),7)
(96,17,Set(96, 97, 87, 77, 67, 57, 47, 37, 27, 17),9)
(96,44,Set(96, 95, 94, 84, 74, 64, 54, 44),7)
(96,35,Set(96, 95, 85, 75, 65, 55, 45, 35),7)
(96,26,Set(96, 86, 76, 66, 56, 46, 36, 26),7)
(96,89,Set(96, 97, 98, 99, 89),4)
(96,80,Set(96, 97, 98, 99, 89, 79, 80),6)
(96,98,Set(96, 97, 98),2)
(96,71,Set(96, 95, 94, 93, 92, 91, 81, 71),7)
(96,11,Set(96, 95, 94, 93, 92, 91, 81, 71, 61, 51, 41, 31, 21, 11),13)
(96,74,Set(96, 95, 94, 84, 74),4)
(96,56,Set(96, 86, 76, 66, 56),4)
(96,29,Set(96, 97, 98, 99, 89, 79, 69, 59, 49, 39, 29),10)
(96,38,Set(96, 97, 87, 77, 67, 57, 47, 37, 38),8)
(96,47,Set(96, 97, 87, 77, 67, 57, 47),6)
(96,20,Set(96, 97, 98, 99, 89, 79, 80, 70, 60, 50, 40, 30, 20),12)
(96,65,Set(96, 95, 85, 75, 65),4)
(96,5,Set(96, 95, 85, 75, 65, 55, 45, 35, 25, 15, 5),10)
(96,14,Set(96, 95, 94, 84, 74, 64, 54, 44, 34, 24, 14),10)
(96,46,Set(96, 86, 76, 66, 56, 46),5)
(96,100,Set(96, 97, 98, 99, 100),4)
(96,91,Set(96, 95, 94, 93, 92, 91),5)
(96,73,Set(96, 95, 94, 93, 83, 73),5)
(96,64,Set(96, 95, 94, 84, 74, 64),5)
(96,55,Set(96, 95, 85, 75, 65, 55),5)
(96,67,Set(96, 97, 87, 77, 67),4)
(96,85,Set(96, 95, 85),2)
(96,94,Set(96, 95, 94),2)
(96,58,Set(96, 97, 87, 77, 67, 57, 58),6)
(96,40,Set(96, 97, 98, 99, 89, 79, 80, 70, 60, 50, 40),10)
(96,49,Set(96, 97, 98, 99, 89, 79, 69, 59, 49),8)
(96,4,Set(96, 95, 94, 84, 74, 64, 54, 44, 34, 24, 14, 4),11)
(96,13,Set(96, 95, 94, 93, 83, 73, 63, 53, 43, 33, 23, 13),11)
(96,31,Set(96, 95, 94, 93, 92, 91, 81, 71, 61, 51, 41, 31),11)
(96,76,Set(96, 86, 76),2)
(96,16,Set(96, 86, 76, 66, 56, 46, 36, 26, 16),8)
(96,97,Set(96, 97),1)
(96,7,Set(96, 97, 87, 77, 67, 57, 47, 37, 27, 17, 7),10)
(96,79,Set(96, 97, 98, 99, 89, 79),5)
(96,43,Set(96, 95, 94, 93, 83, 73, 63, 53, 43),8)
(96,52,Set(96, 95, 94, 93, 83, 73, 63, 53, 52),8)
(96,70,Set(96, 97, 98, 99, 89, 79, 80, 70),7)
(96,25,Set(96, 95, 85, 75, 65, 55, 45, 35, 25),8)
(96,34,Set(96, 95, 94, 84, 74, 64, 54, 44, 34),8)
(96,61,Set(96, 95, 94, 93, 92, 91, 81, 71, 61),8)
(96,10,Set(96, 97, 98, 99, 89, 79, 80, 70, 60, 50, 40, 30, 20, 10),13)
(96,37,Set(96, 97, 87, 77, 67, 57, 47, 37),7)
(96,1,Set(96, 95, 94, 93, 92, 91, 81, 71, 61, 51, 41, 31, 21, 11, 1),14)
(96,19,Set(96, 97, 98, 99, 89, 79, 69, 59, 49, 39, 29, 19),11)
(96,28,Set(96, 97, 87, 77, 67, 57, 47, 37, 38, 28),9)
(96,60,Set(96, 97, 98, 99, 89, 79, 80, 70, 60),8)
(96,87,Set(96, 97, 87),2)
(96,78,Set(96, 97, 87, 77, 78),4)
(96,69,Set(96, 97, 98, 99, 89, 79, 69),6)
(96,99,Set(96, 97, 98, 99),3)
(96,90,Set(96, 97, 98, 99, 89, 90),5)
(96,63,Set(96, 95, 94, 93, 83, 73, 63),6)
(96,54,Set(96, 95, 94, 84, 74, 64, 54),6)
(96,45,Set(96, 95, 85, 75, 65, 55, 45),6)
(96,72,Set(96, 95, 94, 93, 83, 73, 72),6)
(96,81,Set(96, 95, 94, 93, 92, 91, 81),6)
(96,27,Set(96, 97, 87, 77, 67, 57, 47, 37, 27),8)
(96,36,Set(96, 86, 76, 66, 56, 46, 36),6)
(96,9,Set(96, 97, 98, 99, 89, 79, 69, 59, 49, 39, 29, 19, 9),12)
(96,18,Set(96, 97, 87, 77, 67, 57, 47, 37, 38, 28, 18),10)
(96,21,Set(96, 95, 94, 93, 92, 91, 81, 71, 61, 51, 41, 31, 21),12)
(96,57,Set(96, 97, 87, 77, 67, 57),5)
(96,3,Set(96, 95, 94, 93, 83, 73, 63, 53, 43, 33, 23, 13, 3),12)
(96,12,Set(96, 95, 94, 93, 83, 73, 63, 53, 43, 33, 23, 13, 12),12)
(96,84,Set(96, 95, 94, 84),3)
(96,93,Set(96, 95, 94, 93),3)
(96,75,Set(96, 95, 85, 75),3)
(96,30,Set(96, 97, 98, 99, 89, 79, 80, 70, 60, 50, 40, 30),11)
(96,39,Set(96, 97, 98, 99, 89, 79, 69, 59, 49, 39),9)
(96,66,Set(96, 86, 76, 66),3)
(96,15,Set(96, 95, 85, 75, 65, 55, 45, 35, 25, 15),9)
(96,51,Set(96, 95, 94, 93, 92, 91, 81, 71, 61, 51),9)
(96,6,Set(96, 86, 76, 66, 56, 46, 36, 26, 16, 6),9)
(96,24,Set(96, 95, 94, 84, 74, 64, 54, 44, 34, 24),9)
(96,33,Set(96, 95, 94, 93, 83, 73, 63, 53, 43, 33),9)
(97,92,Set(97, 96, 95, 94, 93, 92),5)
(97,83,Set(97, 87, 86, 85, 84, 83),5)
(97,23,Set(97, 87, 77, 76, 75, 65, 55, 54, 44, 43, 33, 23),11)
(97,95,Set(97, 96, 95),2)
(97,86,Set(97, 87, 86),2)
(97,77,Set(97, 87, 77),2)
(97,32,Set(97, 87, 77, 76, 75, 65, 55, 54, 44, 43, 33, 32),11)
(97,41,Set(97, 87, 77, 76, 75, 65, 55, 54, 53, 52, 51, 41),11)
(97,50,Set(97, 98, 99, 89, 79, 80, 70, 60, 50),8)
(97,59,Set(97, 98, 99, 89, 79, 69, 59),6)
(97,53,Set(97, 87, 77, 76, 75, 65, 55, 54, 53),8)
(97,17,Set(97, 87, 77, 67, 57, 47, 37, 27, 17),8)
(97,35,Set(97, 87, 77, 76, 75, 65, 55, 45, 35),8)
(97,44,Set(97, 87, 77, 76, 75, 65, 55, 54, 44),8)
(97,26,Set(97, 87, 77, 76, 66, 56, 46, 36, 26),8)
(97,89,Set(97, 98, 99, 89),3)
(97,80,Set(97, 98, 99, 89, 79, 80),5)
(97,71,Set(97, 87, 77, 76, 75, 74, 73, 72, 71),8)
(97,98,Set(97, 98),1)
(97,11,Set(97, 87, 77, 76, 75, 65, 55, 54, 44, 43, 33, 23, 13, 12, 11),14)
(97,74,Set(97, 87, 77, 76, 75, 74),5)
(97,56,Set(97, 87, 77, 76, 66, 56),5)
(97,29,Set(97, 98, 99, 89, 79, 69, 59, 49, 39, 29),9)
(97,47,Set(97, 87, 77, 67, 57, 47),5)
(97,38,Set(97, 87, 77, 67, 57, 47, 37, 38),7)
(97,20,Set(97, 98, 99, 89, 79, 80, 70, 60, 50, 40, 30, 20),11)
(97,65,Set(97, 87, 77, 76, 75, 65),5)
(97,5,Set(97, 87, 77, 76, 75, 65, 55, 45, 35, 25, 15, 5),11)
(97,14,Set(97, 87, 77, 76, 75, 65, 55, 54, 44, 34, 24, 14),11)
(97,46,Set(97, 87, 77, 76, 66, 56, 46),6)
(97,100,Set(97, 98, 99, 100),3)
(97,91,Set(97, 96, 95, 94, 93, 92, 91),6)
(97,64,Set(97, 87, 77, 76, 75, 65, 64),6)
(97,73,Set(97, 87, 77, 76, 75, 74, 73),6)
(97,55,Set(97, 87, 77, 76, 75, 65, 55),6)
(97,85,Set(97, 87, 86, 85),3)
(97,94,Set(97, 96, 95, 94),3)
(97,67,Set(97, 87, 77, 67),3)
(97,58,Set(97, 87, 77, 67, 57, 58),5)
(97,40,Set(97, 98, 99, 89, 79, 80, 70, 60, 50, 40),9)
(97,49,Set(97, 98, 99, 89, 79, 69, 59, 49),7)
(97,4,Set(97, 87, 77, 76, 75, 65, 55, 54, 44, 34, 24, 14, 4),12)
(97,13,Set(97, 87, 77, 76, 75, 65, 55, 54, 44, 43, 33, 23, 13),12)
(97,31,Set(97, 87, 77, 76, 75, 65, 55, 54, 44, 43, 33, 32, 31),12)
(97,76,Set(97, 87, 77, 76),3)
(97,16,Set(97, 87, 77, 76, 66, 56, 46, 36, 26, 16),9)
(97,7,Set(97, 87, 77, 67, 57, 47, 37, 27, 17, 7),9)
(97,79,Set(97, 98, 99, 89, 79),4)
(97,43,Set(97, 87, 77, 76, 75, 65, 55, 54, 44, 43),9)
(97,52,Set(97, 87, 77, 76, 75, 65, 55, 54, 53, 52),9)
(97,70,Set(97, 98, 99, 89, 79, 80, 70),6)
(97,25,Set(97, 87, 77, 76, 75, 65, 55, 45, 35, 25),9)
(97,34,Set(97, 87, 77, 76, 75, 65, 55, 54, 44, 34),9)
(97,61,Set(97, 87, 77, 76, 75, 74, 73, 72, 71, 61),9)
(97,10,Set(97, 98, 99, 89, 79, 80, 70, 60, 50, 40, 30, 20, 10),12)
(97,37,Set(97, 87, 77, 67, 57, 47, 37),6)
(97,1,Set(97, 87, 77, 76, 75, 65, 55, 54, 44, 43, 33, 23, 13, 12, 11, 1),15)
(97,19,Set(97, 98, 99, 89, 79, 69, 59, 49, 39, 29, 19),10)
(97,28,Set(97, 87, 77, 67, 57, 47, 37, 38, 28),8)
(97,60,Set(97, 98, 99, 89, 79, 80, 70, 60),7)
(97,87,Set(97, 87),1)
(97,96,Set(97, 96),1)
(97,78,Set(97, 87, 77, 78),3)
(97,69,Set(97, 98, 99, 89, 79, 69),5)
(97,90,Set(97, 98, 99, 89, 90),4)
(97,99,Set(97, 98, 99),2)
(97,63,Set(97, 87, 77, 76, 75, 65, 64, 63),7)
(97,54,Set(97, 87, 77, 76, 75, 65, 55, 54),7)
(97,45,Set(97, 87, 77, 76, 75, 65, 55, 45),7)
(97,72,Set(97, 87, 77, 76, 75, 74, 73, 72),7)
(97,81,Set(97, 96, 95, 94, 93, 92, 91, 81),7)
(97,36,Set(97, 87, 77, 76, 66, 56, 46, 36),7)
(97,27,Set(97, 87, 77, 67, 57, 47, 37, 27),7)
(97,9,Set(97, 98, 99, 89, 79, 69, 59, 49, 39, 29, 19, 9),11)
(97,18,Set(97, 87, 77, 67, 57, 47, 37, 38, 28, 18),9)
(97,21,Set(97, 87, 77, 76, 75, 65, 55, 54, 44, 43, 33, 32, 31, 21),13)
(97,57,Set(97, 87, 77, 67, 57),4)
(97,3,Set(97, 87, 77, 76, 75, 65, 55, 54, 44, 43, 33, 23, 13, 3),13)
(97,12,Set(97, 87, 77, 76, 75, 65, 55, 54, 44, 43, 33, 23, 13, 12),13)
(97,84,Set(97, 87, 86, 85, 84),4)
(97,93,Set(97, 96, 95, 94, 93),4)
(97,75,Set(97, 87, 77, 76, 75),4)
(97,30,Set(97, 98, 99, 89, 79, 80, 70, 60, 50, 40, 30),10)
(97,39,Set(97, 98, 99, 89, 79, 69, 59, 49, 39),8)
(97,66,Set(97, 87, 77, 76, 66),4)
(97,15,Set(97, 87, 77, 76, 75, 65, 55, 45, 35, 25, 15),10)
(97,51,Set(97, 87, 77, 76, 75, 65, 55, 54, 53, 52, 51),10)
(97,6,Set(97, 87, 77, 76, 66, 56, 46, 36, 26, 16, 6),10)
(97,24,Set(97, 87, 77, 76, 75, 65, 55, 54, 44, 34, 24),10)
(97,33,Set(97, 87, 77, 76, 75, 65, 55, 54, 44, 43, 33),10)
(98,92,Set(98, 97, 96, 95, 94, 93, 92),6)
(98,83,Set(98, 97, 87, 86, 85, 84, 83),6)
(98,23,Set(98, 97, 87, 77, 76, 75, 65, 55, 54, 44, 43, 33, 23),12)
(98,95,Set(98, 97, 96, 95),3)
(98,86,Set(98, 97, 87, 86),3)
(98,77,Set(98, 97, 87, 77),3)
(98,32,Set(98, 97, 87, 77, 76, 75, 65, 55, 54, 44, 43, 33, 32),12)
(98,41,Set(98, 97, 87, 77, 76, 75, 65, 55, 54, 53, 52, 51, 41),12)
(98,59,Set(98, 99, 89, 79, 69, 59),5)
(98,50,Set(98, 99, 89, 79, 80, 70, 60, 50),7)
(98,53,Set(98, 97, 87, 77, 76, 75, 65, 55, 54, 53),9)
(98,17,Set(98, 97, 87, 77, 67, 57, 47, 37, 27, 17),9)
(98,35,Set(98, 97, 87, 77, 76, 75, 65, 55, 45, 35),9)
(98,44,Set(98, 97, 87, 77, 76, 75, 65, 55, 54, 44),9)
(98,26,Set(98, 97, 87, 77, 76, 66, 56, 46, 36, 26),9)
(98,89,Set(98, 99, 89),2)
(98,80,Set(98, 99, 89, 79, 80),4)
(98,71,Set(98, 97, 87, 77, 76, 75, 74, 73, 72, 71),9)
(98,11,Set(98, 97, 87, 77, 76, 75, 65, 55, 54, 44, 43, 33, 23, 13, 12, 11),15)
(98,74,Set(98, 97, 87, 77, 76, 75, 74),6)
(98,56,Set(98, 97, 87, 77, 76, 66, 56),6)
(98,47,Set(98, 97, 87, 77, 67, 57, 47),6)
(98,38,Set(98, 97, 87, 77, 67, 57, 47, 37, 38),8)
(98,29,Set(98, 99, 89, 79, 69, 59, 49, 39, 29),8)
(98,20,Set(98, 99, 89, 79, 80, 70, 60, 50, 40, 30, 20),10)
(98,65,Set(98, 97, 87, 77, 76, 75, 65),6)
(98,5,Set(98, 97, 87, 77, 76, 75, 65, 55, 45, 35, 25, 15, 5),12)
(98,14,Set(98, 97, 87, 77, 76, 75, 65, 55, 54, 44, 34, 24, 14),12)
(98,46,Set(98, 97, 87, 77, 76, 66, 56, 46),7)
(98,100,Set(98, 99, 100),2)
(98,91,Set(98, 97, 96, 95, 94, 93, 92, 91),7)
(98,64,Set(98, 97, 87, 77, 76, 75, 65, 64),7)
(98,73,Set(98, 97, 87, 77, 76, 75, 74, 73),7)
(98,55,Set(98, 97, 87, 77, 76, 75, 65, 55),7)
(98,67,Set(98, 97, 87, 77, 67),4)
(98,94,Set(98, 97, 96, 95, 94),4)
(98,85,Set(98, 97, 87, 86, 85),4)
(98,58,Set(98, 97, 87, 77, 67, 57, 58),6)
(98,49,Set(98, 99, 89, 79, 69, 59, 49),6)
(98,40,Set(98, 99, 89, 79, 80, 70, 60, 50, 40),8)
(98,4,Set(98, 97, 87, 77, 76, 75, 65, 55, 54, 44, 34, 24, 14, 4),13)
(98,13,Set(98, 97, 87, 77, 76, 75, 65, 55, 54, 44, 43, 33, 23, 13),13)
(98,31,Set(98, 97, 87, 77, 76, 75, 65, 55, 54, 44, 43, 33, 32, 31),13)
(98,76,Set(98, 97, 87, 77, 76),4)
(98,16,Set(98, 97, 87, 77, 76, 66, 56, 46, 36, 26, 16),10)
(98,97,Set(98, 97),1)
(98,7,Set(98, 97, 87, 77, 67, 57, 47, 37, 27, 17, 7),10)
(98,79,Set(98, 99, 89, 79),3)
(98,43,Set(98, 97, 87, 77, 76, 75, 65, 55, 54, 44, 43),10)
(98,52,Set(98, 97, 87, 77, 76, 75, 65, 55, 54, 53, 52),10)
(98,70,Set(98, 99, 89, 79, 80, 70),5)
(98,25,Set(98, 97, 87, 77, 76, 75, 65, 55, 45, 35, 25),10)
(98,34,Set(98, 97, 87, 77, 76, 75, 65, 55, 54, 44, 34),10)
(98,61,Set(98, 97, 87, 77, 76, 75, 74, 73, 72, 71, 61),10)
(98,10,Set(98, 99, 89, 79, 80, 70, 60, 50, 40, 30, 20, 10),11)
(98,37,Set(98, 97, 87, 77, 67, 57, 47, 37),7)
(98,1,Set(98, 97, 87, 77, 76, 75, 65, 55, 54, 44, 43, 33, 23, 13, 12, 11, 1),16)
(98,19,Set(98, 99, 89, 79, 69, 59, 49, 39, 29, 19),9)
(98,28,Set(98, 97, 87, 77, 67, 57, 47, 37, 38, 28),9)
(98,60,Set(98, 99, 89, 79, 80, 70, 60),6)
(98,87,Set(98, 97, 87),2)
(98,96,Set(98, 97, 96),2)
(98,69,Set(98, 99, 89, 79, 69),4)
(98,78,Set(98, 97, 87, 77, 78),4)
(98,99,Set(98, 99),1)
(98,90,Set(98, 99, 89, 90),3)
(98,63,Set(98, 97, 87, 77, 76, 75, 65, 64, 63),8)
(98,54,Set(98, 97, 87, 77, 76, 75, 65, 55, 54),8)
(98,45,Set(98, 97, 87, 77, 76, 75, 65, 55, 45),8)
(98,81,Set(98, 97, 96, 95, 94, 93, 92, 91, 81),8)
(98,72,Set(98, 97, 87, 77, 76, 75, 74, 73, 72),8)
(98,27,Set(98, 97, 87, 77, 67, 57, 47, 37, 27),8)
(98,36,Set(98, 97, 87, 77, 76, 66, 56, 46, 36),8)
(98,9,Set(98, 99, 89, 79, 69, 59, 49, 39, 29, 19, 9),10)
(98,18,Set(98, 97, 87, 77, 67, 57, 47, 37, 38, 28, 18),10)
(98,21,Set(98, 97, 87, 77, 76, 75, 65, 55, 54, 44, 43, 33, 32, 31, 21),14)
(98,57,Set(98, 97, 87, 77, 67, 57),5)
(98,3,Set(98, 97, 87, 77, 76, 75, 65, 55, 54, 44, 43, 33, 23, 13, 3),14)
(98,12,Set(98, 97, 87, 77, 76, 75, 65, 55, 54, 44, 43, 33, 23, 13, 12),14)
(98,84,Set(98, 97, 87, 86, 85, 84),5)
(98,93,Set(98, 97, 96, 95, 94, 93),5)
(98,75,Set(98, 97, 87, 77, 76, 75),5)
(98,30,Set(98, 99, 89, 79, 80, 70, 60, 50, 40, 30),9)
(98,39,Set(98, 99, 89, 79, 69, 59, 49, 39),7)
(98,66,Set(98, 97, 87, 77, 76, 66),5)
(98,15,Set(98, 97, 87, 77, 76, 75, 65, 55, 45, 35, 25, 15),11)
(98,51,Set(98, 97, 87, 77, 76, 75, 65, 55, 54, 53, 52, 51),11)
(98,6,Set(98, 97, 87, 77, 76, 66, 56, 46, 36, 26, 16, 6),11)
(98,24,Set(98, 97, 87, 77, 76, 75, 65, 55, 54, 44, 34, 24),11)
(98,33,Set(98, 97, 87, 77, 76, 75, 65, 55, 54, 44, 43, 33),11)
(99,92,Set(99, 98, 97, 96, 95, 94, 93, 92),7)
(99,83,Set(99, 98, 97, 87, 86, 85, 84, 83),7)
(99,23,Set(99, 98, 97, 87, 77, 76, 75, 65, 55, 54, 44, 43, 33, 23),13)
(99,95,Set(99, 98, 97, 96, 95),4)
(99,86,Set(99, 98, 97, 87, 86),4)
(99,77,Set(99, 98, 97, 87, 77),4)
(99,41,Set(99, 98, 97, 87, 77, 76, 75, 65, 55, 54, 53, 52, 51, 41),13)
(99,32,Set(99, 98, 97, 87, 77, 76, 75, 65, 55, 54, 44, 43, 33, 32),13)
(99,50,Set(99, 89, 79, 80, 70, 60, 50),6)
(99,59,Set(99, 89, 79, 69, 59),4)
(99,53,Set(99, 98, 97, 87, 77, 76, 75, 65, 55, 54, 53),10)
(99,17,Set(99, 98, 97, 87, 77, 67, 57, 47, 37, 27, 17),10)
(99,44,Set(99, 98, 97, 87, 77, 76, 75, 65, 55, 54, 44),10)
(99,35,Set(99, 98, 97, 87, 77, 76, 75, 65, 55, 45, 35),10)
(99,26,Set(99, 98, 97, 87, 77, 76, 66, 56, 46, 36, 26),10)
(99,89,Set(99, 89),1)
(99,80,Set(99, 89, 79, 80),3)
(99,71,Set(99, 98, 97, 87, 77, 76, 75, 74, 73, 72, 71),10)
(99,98,Set(99, 98),1)
(99,11,Set(99, 98, 97, 87, 77, 76, 75, 65, 55, 54, 44, 43, 33, 23, 13, 12, 11),16)
(99,74,Set(99, 98, 97, 87, 77, 76, 75, 74),7)
(99,56,Set(99, 98, 97, 87, 77, 76, 66, 56),7)
(99,47,Set(99, 98, 97, 87, 77, 67, 57, 47),7)
(99,38,Set(99, 89, 79, 69, 59, 49, 39, 38),7)
(99,29,Set(99, 89, 79, 69, 59, 49, 39, 29),7)
(99,20,Set(99, 89, 79, 80, 70, 60, 50, 40, 30, 20),9)
(99,65,Set(99, 98, 97, 87, 77, 76, 75, 65),7)
(99,5,Set(99, 98, 97, 87, 77, 76, 75, 65, 55, 45, 35, 25, 15, 5),13)
(99,14,Set(99, 98, 97, 87, 77, 76, 75, 65, 55, 54, 44, 34, 24, 14),13)
(99,46,Set(99, 98, 97, 87, 77, 76, 66, 56, 46),8)
(99,100,Set(99, 100),1)
(99,91,Set(99, 98, 97, 96, 95, 94, 93, 92, 91),8)
(99,55,Set(99, 98, 97, 87, 77, 76, 75, 65, 55),8)
(99,64,Set(99, 98, 97, 87, 77, 76, 75, 65, 64),8)
(99,73,Set(99, 98, 97, 87, 77, 76, 75, 74, 73),8)
(99,94,Set(99, 98, 97, 96, 95, 94),5)
(99,85,Set(99, 98, 97, 87, 86, 85),5)
(99,58,Set(99, 89, 79, 69, 59, 58),5)
(99,67,Set(99, 98, 97, 87, 77, 67),5)
(99,49,Set(99, 89, 79, 69, 59, 49),5)
(99,40,Set(99, 89, 79, 80, 70, 60, 50, 40),7)
(99,4,Set(99, 98, 97, 87, 77, 76, 75, 65, 55, 54, 44, 34, 24, 14, 4),14)
(99,13,Set(99, 98, 97, 87, 77, 76, 75, 65, 55, 54, 44, 43, 33, 23, 13),14)
(99,31,Set(99, 98, 97, 87, 77, 76, 75, 65, 55, 54, 44, 43, 33, 32, 31),14)
(99,76,Set(99, 98, 97, 87, 77, 76),5)
(99,16,Set(99, 98, 97, 87, 77, 76, 66, 56, 46, 36, 26, 16),11)
(99,97,Set(99, 98, 97),2)
(99,7,Set(99, 98, 97, 87, 77, 67, 57, 47, 37, 27, 17, 7),11)
(99,79,Set(99, 89, 79),2)
(99,52,Set(99, 98, 97, 87, 77, 76, 75, 65, 55, 54, 53, 52),11)
(99,43,Set(99, 98, 97, 87, 77, 76, 75, 65, 55, 54, 44, 43),11)
(99,70,Set(99, 89, 79, 80, 70),4)
(99,25,Set(99, 98, 97, 87, 77, 76, 75, 65, 55, 45, 35, 25),11)
(99,34,Set(99, 98, 97, 87, 77, 76, 75, 65, 55, 54, 44, 34),11)
(99,61,Set(99, 98, 97, 87, 77, 76, 75, 74, 73, 72, 71, 61),11)
(99,10,Set(99, 89, 79, 80, 70, 60, 50, 40, 30, 20, 10),10)
(99,37,Set(99, 98, 97, 87, 77, 67, 57, 47, 37),8)
(99,1,Set(99, 98, 97, 87, 77, 76, 75, 65, 55, 54, 44, 43, 33, 23, 13, 12, 11, 1),17)
(99,28,Set(99, 89, 79, 69, 59, 49, 39, 29, 28),8)
(99,19,Set(99, 89, 79, 69, 59, 49, 39, 29, 19),8)
(99,60,Set(99, 89, 79, 80, 70, 60),5)
(99,87,Set(99, 98, 97, 87),3)
(99,96,Set(99, 98, 97, 96),3)
(99,78,Set(99, 89, 79, 78),3)
(99,69,Set(99, 89, 79, 69),3)
(99,63,Set(99, 98, 97, 87, 77, 76, 75, 65, 64, 63),9)
(99,90,Set(99, 89, 90),2)
(99,54,Set(99, 98, 97, 87, 77, 76, 75, 65, 55, 54),9)
(99,45,Set(99, 98, 97, 87, 77, 76, 75, 65, 55, 45),9)
(99,81,Set(99, 98, 97, 96, 95, 94, 93, 92, 91, 81),9)
(99,72,Set(99, 98, 97, 87, 77, 76, 75, 74, 73, 72),9)
(99,27,Set(99, 98, 97, 87, 77, 67, 57, 47, 37, 27),9)
(99,36,Set(99, 98, 97, 87, 77, 76, 66, 56, 46, 36),9)
(99,9,Set(99, 89, 79, 69, 59, 49, 39, 29, 19, 9),9)
(99,18,Set(99, 89, 79, 69, 59, 49, 39, 29, 28, 18),9)
(99,21,Set(99, 98, 97, 87, 77, 76, 75, 65, 55, 54, 44, 43, 33, 32, 31, 21),15)
(99,57,Set(99, 98, 97, 87, 77, 67, 57),6)
(99,3,Set(99, 98, 97, 87, 77, 76, 75, 65, 55, 54, 44, 43, 33, 23, 13, 3),15)
(99,12,Set(99, 98, 97, 87, 77, 76, 75, 65, 55, 54, 44, 43, 33, 23, 13, 12),15)
(99,84,Set(99, 98, 97, 87, 86, 85, 84),6)
(99,93,Set(99, 98, 97, 96, 95, 94, 93),6)
(99,75,Set(99, 98, 97, 87, 77, 76, 75),6)
(99,30,Set(99, 89, 79, 80, 70, 60, 50, 40, 30),8)
(99,39,Set(99, 89, 79, 69, 59, 49, 39),6)
(99,66,Set(99, 98, 97, 87, 77, 76, 66),6)
(99,15,Set(99, 98, 97, 87, 77, 76, 75, 65, 55, 45, 35, 25, 15),12)
(99,51,Set(99, 98, 97, 87, 77, 76, 75, 65, 55, 54, 53, 52, 51),12)
(99,6,Set(99, 98, 97, 87, 77, 76, 66, 56, 46, 36, 26, 16, 6),12)
(99,24,Set(99, 98, 97, 87, 77, 76, 75, 65, 55, 54, 44, 34, 24),12)
(99,33,Set(99, 98, 97, 87, 77, 76, 75, 65, 55, 54, 44, 43, 33),12)
(100,92,Set(100, 99, 98, 97, 96, 95, 94, 93, 92),8)
(100,83,Set(100, 99, 98, 97, 87, 86, 85, 84, 83),8)
(100,23,Set(100, 90, 80, 79, 69, 59, 58, 57, 47, 46, 36, 26, 25, 24, 23),14)
(100,95,Set(100, 99, 98, 97, 96, 95),5)
(100,86,Set(100, 99, 98, 97, 87, 86),5)
(100,77,Set(100, 90, 80, 79, 78, 77),5)
(100,41,Set(100, 90, 80, 79, 69, 59, 58, 57, 56, 55, 54, 53, 52, 51, 41),14)
(100,32,Set(100, 90, 80, 79, 69, 59, 58, 57, 47, 46, 36, 35, 34, 33, 32),14)
(100,50,Set(100, 90, 80, 70, 60, 50),5)
(100,59,Set(100, 90, 80, 79, 69, 59),5)
(100,53,Set(100, 90, 80, 79, 69, 59, 58, 57, 56, 55, 54, 53),11)
(100,17,Set(100, 90, 80, 79, 69, 59, 58, 57, 47, 37, 27, 17),11)
(100,44,Set(100, 90, 80, 79, 69, 59, 58, 57, 47, 46, 45, 44),11)
(100,35,Set(100, 90, 80, 79, 69, 59, 58, 57, 47, 46, 36, 35),11)
(100,26,Set(100, 90, 80, 79, 69, 59, 58, 57, 47, 46, 36, 26),11)
(100,89,Set(100, 90, 89),2)
(100,80,Set(100, 90, 80),2)
(100,71,Set(100, 90, 80, 79, 78, 77, 76, 75, 74, 73, 72, 71),11)
(100,98,Set(100, 99, 98),2)
(100,11,Set(100, 90, 80, 79, 69, 59, 58, 57, 47, 46, 36, 26, 25, 24, 23, 13, 12, 11),17)
(100,74,Set(100, 90, 80, 79, 78, 77, 76, 75, 74),8)
(100,56,Set(100, 90, 80, 79, 69, 59, 58, 57, 56),8)
(100,47,Set(100, 90, 80, 79, 69, 59, 58, 57, 47),8)
(100,38,Set(100, 90, 80, 79, 69, 59, 49, 39, 38),8)
(100,29,Set(100, 90, 80, 79, 69, 59, 49, 39, 29),8)
(100,20,Set(100, 90, 80, 70, 60, 50, 40, 30, 20),8)
(100,65,Set(100, 90, 80, 79, 78, 77, 76, 75, 65),8)
(100,5,Set(100, 90, 80, 79, 69, 59, 58, 57, 47, 46, 36, 26, 25, 15, 5),14)
(100,14,Set(100, 90, 80, 79, 69, 59, 58, 57, 47, 46, 36, 26, 25, 24, 14),14)
(100,46,Set(100, 90, 80, 79, 69, 59, 58, 57, 47, 46),9)
(100,91,Set(100, 99, 98, 97, 96, 95, 94, 93, 92, 91),9)
(100,55,Set(100, 90, 80, 79, 69, 59, 58, 57, 56, 55),9)
(100,64,Set(100, 90, 80, 79, 78, 77, 76, 75, 65, 64),9)
(100,73,Set(100, 90, 80, 79, 78, 77, 76, 75, 74, 73),9)
(100,94,Set(100, 99, 98, 97, 96, 95, 94),6)
(100,85,Set(100, 99, 98, 97, 87, 86, 85),6)
(100,58,Set(100, 90, 80, 79, 69, 59, 58),6)
(100,67,Set(100, 90, 80, 79, 78, 77, 67),6)
(100,40,Set(100, 90, 80, 70, 60, 50, 40),6)
(100,49,Set(100, 90, 80, 79, 69, 59, 49),6)
(100,4,Set(100, 90, 80, 79, 69, 59, 58, 57, 47, 46, 36, 26, 25, 24, 14, 4),15)
(100,13,Set(100, 90, 80, 79, 69, 59, 58, 57, 47, 46, 36, 26, 25, 24, 23, 13),15)
(100,31,Set(100, 90, 80, 79, 69, 59, 58, 57, 47, 46, 36, 35, 34, 33, 32, 31),15)
(100,76,Set(100, 90, 80, 79, 78, 77, 76),6)
(100,16,Set(100, 90, 80, 79, 69, 59, 58, 57, 47, 46, 36, 26, 16),12)
(100,97,Set(100, 99, 98, 97),3)
(100,7,Set(100, 90, 80, 79, 69, 59, 58, 57, 47, 37, 27, 17, 7),12)
(100,79,Set(100, 90, 80, 79),3)
(100,52,Set(100, 90, 80, 79, 69, 59, 58, 57, 56, 55, 54, 53, 52),12)
(100,43,Set(100, 90, 80, 79, 69, 59, 58, 57, 47, 46, 45, 44, 43),12)
(100,70,Set(100, 90, 80, 70),3)
(100,25,Set(100, 90, 80, 79, 69, 59, 58, 57, 47, 46, 36, 26, 25),12)
(100,34,Set(100, 90, 80, 79, 69, 59, 58, 57, 47, 46, 36, 35, 34),12)
(100,61,Set(100, 90, 80, 79, 78, 77, 76, 75, 74, 73, 72, 71, 61),12)
(100,10,Set(100, 90, 80, 70, 60, 50, 40, 30, 20, 10),9)
(100,37,Set(100, 90, 80, 79, 69, 59, 58, 57, 47, 37),9)
(100,1,Set(100, 90, 80, 79, 69, 59, 58, 57, 47, 46, 36, 26, 25, 24, 23, 13, 12, 11, 1),18)
(100,28,Set(100, 90, 80, 79, 69, 59, 49, 39, 29, 28),9)
(100,19,Set(100, 90, 80, 79, 69, 59, 49, 39, 29, 19),9)
(100,60,Set(100, 90, 80, 70, 60),4)
(100,87,Set(100, 99, 98, 97, 87),4)
(100,96,Set(100, 99, 98, 97, 96),4)
(100,78,Set(100, 90, 80, 79, 78),4)
(100,69,Set(100, 90, 80, 79, 69),4)
(100,63,Set(100, 90, 80, 79, 78, 77, 76, 75, 65, 64, 63),10)
(100,99,Set(100, 99),1)
(100,90,Set(100, 90),1)
(100,54,Set(100, 90, 80, 79, 69, 59, 58, 57, 56, 55, 54),10)
(100,45,Set(100, 90, 80, 79, 69, 59, 58, 57, 47, 46, 45),10)
(100,81,Set(100, 99, 98, 97, 96, 95, 94, 93, 92, 91, 81),10)
(100,72,Set(100, 90, 80, 79, 78, 77, 76, 75, 74, 73, 72),10)
(100,27,Set(100, 90, 80, 79, 69, 59, 58, 57, 47, 37, 27),10)
(100,36,Set(100, 90, 80, 79, 69, 59, 58, 57, 47, 46, 36),10)
(100,9,Set(100, 90, 80, 79, 69, 59, 49, 39, 29, 19, 9),10)
(100,18,Set(100, 90, 80, 79, 69, 59, 49, 39, 29, 28, 18),10)
(100,21,Set(100, 90, 80, 79, 69, 59, 58, 57, 47, 46, 36, 35, 34, 33, 32, 31, 21),16)
(100,57,Set(100, 90, 80, 79, 69, 59, 58, 57),7)
(100,3,Set(100, 90, 80, 79, 69, 59, 58, 57, 47, 46, 36, 26, 25, 24, 23, 13, 3),16)
(100,12,Set(100, 90, 80, 79, 69, 59, 58, 57, 47, 46, 36, 26, 25, 24, 23, 13, 12),16)
(100,84,Set(100, 99, 98, 97, 87, 86, 85, 84),7)
(100,93,Set(100, 99, 98, 97, 96, 95, 94, 93),7)
(100,75,Set(100, 90, 80, 79, 78, 77, 76, 75),7)
(100,30,Set(100, 90, 80, 70, 60, 50, 40, 30),7)
(100,39,Set(100, 90, 80, 79, 69, 59, 49, 39),7)
(100,66,Set(100, 90, 80, 79, 78, 77, 76, 66),7)
(100,15,Set(100, 90, 80, 79, 69, 59, 58, 57, 47, 46, 36, 26, 25, 15),13)
(100,51,Set(100, 90, 80, 79, 69, 59, 58, 57, 56, 55, 54, 53, 52, 51),13)
(100,6,Set(100, 90, 80, 79, 69, 59, 58, 57, 47, 46, 36, 26, 16, 6),13)
(100,24,Set(100, 90, 80, 79, 69, 59, 58, 57, 47, 46, 36, 26, 25, 24),13)
(100,33,Set(100, 90, 80, 79, 69, 59, 58, 57, 47, 46, 36, 35, 34, 33),13)
