(101,(Set(81, 121),5,Set(1, 21, 41, 61, 81),DONE))
(297,(Set(317, 277, 296, 298),54,Set(1, 21, 41, 61, 81, 101, 121, 141, 161, 181, 201, 221, 241, 261, 262, 263, 264, 244, 224, 204, 184, 164, 144, 124, 104, 84, 64, 44, 24, 25, 26, 27, 28, 29, 30, 31, 32, 33, 34, 35, 36, 56, 76, 96, 116, 136, 156, 176, 196, 216, 236, 256, 276, 296),DONE))
(153,(Set(154, 133, 173, 152),43,Set(1, 21, 41, 61, 81, 101, 121, 141, 161, 181, 201, 221, 241, 261, 262, 263, 264, 244, 224, 204, 184, 164, 144, 124, 104, 84, 64, 44, 24, 25, 26, 27, 28, 29, 30, 31, 32, 52, 72, 92, 112, 132, 152),DONE))
(193,(Set(194, 173, 213, 192),45,Set(1, 21, 41, 61, 81, 101, 121, 141, 161, 181, 201, 221, 241, 261, 262, 263, 264, 244, 224, 204, 184, 164, 144, 124, 104, 84, 64, 44, 24, 25, 26, 27, 28, 29, 30, 31, 32, 52, 72, 92, 112, 132, 152, 172, 192),DONE))
(373,(Set(374, 353, 393, 372),54,Set(1, 21, 41, 61, 81, 101, 121, 141, 161, 181, 201, 221, 241, 261, 262, 263, 264, 244, 224, 204, 184, 164, 144, 124, 104, 84, 64, 44, 24, 25, 26, 27, 28, 29, 30, 31, 32, 52, 72, 92, 112, 132, 152, 172, 192, 212, 232, 252, 272, 292, 312, 332, 352, 372),DONE))
(265,(Set(266, 285, 245, 264),17,Set(1, 21, 41, 61, 81, 101, 121, 141, 161, 181, 201, 221, 241, 261, 262, 263, 264),DONE))
(369,(Set(389, 370, 349),50,Set(1, 21, 41, 61, 81, 101, 121, 141, 161, 181, 201, 221, 241, 261, 262, 263, 264, 244, 224, 204, 184, 164, 144, 124, 104, 84, 64, 44, 24, 25, 26, 27, 28, 29, 49, 69, 89, 109, 129, 149, 169, 189, 209, 229, 249, 269, 289, 309, 329, 349),DONE))
(289,(Set(269, 290, 309),46,Set(1, 21, 41, 61, 81, 101, 121, 141, 161, 181, 201, 221, 241, 261, 262, 263, 264, 244, 224, 204, 184, 164, 144, 124, 104, 84, 64, 44, 24, 25, 26, 27, 28, 29, 49, 69, 89, 109, 129, 149, 169, 189, 209, 229, 249, 269),DONE))
(353,(Set(354, 373, 333, 352),53,Set(1, 21, 41, 61, 81, 101, 121, 141, 161, 181, 201, 221, 241, 261, 262, 263, 264, 244, 224, 204, 184, 164, 144, 124, 104, 84, 64, 44, 24, 25, 26, 27, 28, 29, 30, 31, 32, 52, 72, 92, 112, 132, 152, 172, 192, 212, 232, 252, 272, 292, 312, 332, 352),DONE))
(105,(Set(85, 125, 104, 106),25,Set(1, 21, 41, 61, 81, 101, 121, 141, 161, 181, 201, 221, 241, 261, 262, 263, 264, 244, 224, 204, 184, 164, 144, 124, 104),DONE))
(125,(Set(126, 105, 145, 124),24,Set(1, 21, 41, 61, 81, 101, 121, 141, 161, 181, 201, 221, 241, 261, 262, 263, 264, 244, 224, 204, 184, 164, 144, 124),DONE))
(65,(Set(66, 45, 85, 64),27,Set(1, 21, 41, 61, 81, 101, 121, 141, 161, 181, 201, 221, 241, 261, 262, 263, 264, 244, 224, 204, 184, 164, 144, 124, 104, 84, 64),DONE))
(157,(Set(158, 137, 177, 156),47,Set(1, 21, 41, 61, 81, 101, 121, 141, 161, 181, 201, 221, 241, 261, 262, 263, 264, 244, 224, 204, 184, 164, 144, 124, 104, 84, 64, 44, 24, 25, 26, 27, 28, 29, 30, 31, 32, 33, 34, 35, 36, 56, 76, 96, 116, 136, 156),DONE))
(37,(Set(38, 17, 57, 36),41,Set(1, 21, 41, 61, 81, 101, 121, 141, 161, 181, 201, 221, 241, 261, 262, 263, 264, 244, 224, 204, 184, 164, 144, 124, 104, 84, 64, 44, 24, 25, 26, 27, 28, 29, 30, 31, 32, 33, 34, 35, 36),DONE))
(185,(Set(186, 165, 205, 184),21,Set(1, 21, 41, 61, 81, 101, 121, 141, 161, 181, 201, 221, 241, 261, 262, 263, 264, 244, 224, 204, 184),DONE))
(201,(Set(221, 181),10,Set(1, 21, 41, 61, 81, 101, 121, 141, 161, 181),DONE))
(1,(Set(21),0,Set(),DONE))
(89,(Set(90, 69, 109),36,Set(1, 21, 41, 61, 81, 101, 121, 141, 161, 181, 201, 221, 241, 261, 262, 263, 264, 244, 224, 204, 184, 164, 144, 124, 104, 84, 64, 44, 24, 25, 26, 27, 28, 29, 49, 69),DONE))
(17,(Set(37, 16, 18),42,Set(1, 21, 41, 61, 81, 101, 121, 141, 161, 181, 201, 221, 241, 261, 262, 263, 264, 244, 224, 204, 184, 164, 144, 124, 104, 84, 64, 44, 24, 25, 26, 27, 28, 29, 30, 31, 32, 33, 34, 35, 36, 16),DONE))
(341,(Set(321, 361),17,Set(1, 21, 41, 61, 81, 101, 121, 141, 161, 181, 201, 221, 241, 261, 281, 301, 321),DONE))
(241,(Set(221, 261),12,Set(1, 21, 41, 61, 81, 101, 121, 141, 161, 181, 201, 221),DONE))
(309,(Set(310, 289, 329),47,Set(1, 21, 41, 61, 81, 101, 121, 141, 161, 181, 201, 221, 241, 261, 262, 263, 264, 244, 224, 204, 184, 164, 144, 124, 104, 84, 64, 44, 24, 25, 26, 27, 28, 29, 49, 69, 89, 109, 129, 149, 169, 189, 209, 229, 249, 269, 289),DONE))
(269,(Set(270, 249, 289),45,Set(1, 21, 41, 61, 81, 101, 121, 141, 161, 181, 201, 221, 241, 261, 262, 263, 264, 244, 224, 204, 184, 164, 144, 124, 104, 84, 64, 44, 24, 25, 26, 27, 28, 29, 49, 69, 89, 109, 129, 149, 169, 189, 209, 229, 249),DONE))
(145,(Set(165, 125, 144, 146),23,Set(1, 21, 41, 61, 81, 101, 121, 141, 161, 181, 201, 221, 241, 261, 262, 263, 264, 244, 224, 204, 184, 164, 144),DONE))
(41,(Set(21, 61),2,Set(1, 21),DONE))
(217,(Set(197, 237, 216, 218),50,Set(1, 21, 41, 61, 81, 101, 121, 141, 161, 181, 201, 221, 241, 261, 262, 263, 264, 244, 224, 204, 184, 164, 144, 124, 104, 84, 64, 44, 24, 25, 26, 27, 28, 29, 30, 31, 32, 33, 34, 35, 36, 56, 76, 96, 116, 136, 156, 176, 196, 216),DONE))
(253,(Set(233, 273, 252, 254),48,Set(1, 21, 41, 61, 81, 101, 121, 141, 161, 181, 201, 221, 241, 261, 262, 263, 264, 244, 224, 204, 184, 164, 144, 124, 104, 84, 64, 44, 24, 25, 26, 27, 28, 29, 30, 31, 32, 52, 72, 92, 112, 132, 152, 172, 192, 212, 232, 252),DONE))
(21,(Set(1, 41),1,Set(1),DONE))
(321,(Set(341, 301),16,Set(1, 21, 41, 61, 81, 101, 121, 141, 161, 181, 201, 221, 241, 261, 281, 301),DONE))
(277,(Set(278, 257, 297, 276),53,Set(1, 21, 41, 61, 81, 101, 121, 141, 161, 181, 201, 221, 241, 261, 262, 263, 264, 244, 224, 204, 184, 164, 144, 124, 104, 84, 64, 44, 24, 25, 26, 27, 28, 29, 30, 31, 32, 33, 34, 35, 36, 56, 76, 96, 116, 136, 156, 176, 196, 216, 236, 256, 276),DONE))
(77,(Set(78, 57, 97, 76),43,Set(1, 21, 41, 61, 81, 101, 121, 141, 161, 181, 201, 221, 241, 261, 262, 263, 264, 244, 224, 204, 184, 164, 144, 124, 104, 84, 64, 44, 24, 25, 26, 27, 28, 29, 30, 31, 32, 33, 34, 35, 36, 56, 76),DONE))
(169,(Set(170, 189, 149),40,Set(1, 21, 41, 61, 81, 101, 121, 141, 161, 181, 201, 221, 241, 261, 262, 263, 264, 244, 224, 204, 184, 164, 144, 124, 104, 84, 64, 44, 24, 25, 26, 27, 28, 29, 49, 69, 89, 109, 129, 149),DONE))
(53,(Set(33, 52, 54, 73),38,Set(1, 21, 41, 61, 81, 101, 121, 141, 161, 181, 201, 221, 241, 261, 262, 263, 264, 244, 224, 204, 184, 164, 144, 124, 104, 84, 64, 44, 24, 25, 26, 27, 28, 29, 30, 31, 32, 52),DONE))
(261,(Set(281, 241, 262),13,Set(1, 21, 41, 61, 81, 101, 121, 141, 161, 181, 201, 221, 241),DONE))
(25,(Set(45, 5, 24, 26),29,Set(1, 21, 41, 61, 81, 101, 121, 141, 161, 181, 201, 221, 241, 261, 262, 263, 264, 244, 224, 204, 184, 164, 144, 124, 104, 84, 64, 44, 24),DONE))
(333,(Set(353, 332, 334, 313),52,Set(1, 21, 41, 61, 81, 101, 121, 141, 161, 181, 201, 221, 241, 261, 262, 263, 264, 244, 224, 204, 184, 164, 144, 124, 104, 84, 64, 44, 24, 25, 26, 27, 28, 29, 30, 31, 32, 52, 72, 92, 112, 132, 152, 172, 192, 212, 232, 252, 272, 292, 312, 332),DONE))
(213,(Set(233, 212, 214, 193),46,Set(1, 21, 41, 61, 81, 101, 121, 141, 161, 181, 201, 221, 241, 261, 262, 263, 264, 244, 224, 204, 184, 164, 144, 124, 104, 84, 64, 44, 24, 25, 26, 27, 28, 29, 30, 31, 32, 52, 72, 92, 112, 132, 152, 172, 192, 212),DONE))
(393,(Set(394, 373, 392),55,Set(1, 21, 41, 61, 81, 101, 121, 141, 161, 181, 201, 221, 241, 261, 262, 263, 264, 244, 224, 204, 184, 164, 144, 124, 104, 84, 64, 44, 24, 25, 26, 27, 28, 29, 30, 31, 32, 52, 72, 92, 112, 132, 152, 172, 192, 212, 232, 252, 272, 292, 312, 332, 352, 372, 392),DONE))
(293,(Set(273, 292, 294, 313),50,Set(1, 21, 41, 61, 81, 101, 121, 141, 161, 181, 201, 221, 241, 261, 262, 263, 264, 244, 224, 204, 184, 164, 144, 124, 104, 84, 64, 44, 24, 25, 26, 27, 28, 29, 30, 31, 32, 52, 72, 92, 112, 132, 152, 172, 192, 212, 232, 252, 272, 292),DONE))
(93,(Set(94, 73, 113, 92),40,Set(1, 21, 41, 61, 81, 101, 121, 141, 161, 181, 201, 221, 241, 261, 262, 263, 264, 244, 224, 204, 184, 164, 144, 124, 104, 84, 64, 44, 24, 25, 26, 27, 28, 29, 30, 31, 32, 52, 72, 92),DONE))
(33,(Set(34, 13, 53, 32),37,Set(1, 21, 41, 61, 81, 101, 121, 141, 161, 181, 201, 221, 241, 261, 262, 263, 264, 244, 224, 204, 184, 164, 144, 124, 104, 84, 64, 44, 24, 25, 26, 27, 28, 29, 30, 31, 32),DONE))
(113,(Set(114, 133, 93, 112),41,Set(1, 21, 41, 61, 81, 101, 121, 141, 161, 181, 201, 221, 241, 261, 262, 263, 264, 244, 224, 204, 184, 164, 144, 124, 104, 84, 64, 44, 24, 25, 26, 27, 28, 29, 30, 31, 32, 52, 72, 92, 112),DONE))
(69,(Set(70, 49, 89),35,Set(1, 21, 41, 61, 81, 101, 121, 141, 161, 181, 201, 221, 241, 261, 262, 263, 264, 244, 224, 204, 184, 164, 144, 124, 104, 84, 64, 44, 24, 25, 26, 27, 28, 29, 49),DONE))
(85,(Set(84, 86, 105, 65),26,Set(1, 21, 41, 61, 81, 101, 121, 141, 161, 181, 201, 221, 241, 261, 262, 263, 264, 244, 224, 204, 184, 164, 144, 124, 104, 84),DONE))
(165,(Set(166, 145, 185, 164),22,Set(1, 21, 41, 61, 81, 101, 121, 141, 161, 181, 201, 221, 241, 261, 262, 263, 264, 244, 224, 204, 184, 164),DONE))
(197,(Set(198, 177, 217, 196),49,Set(1, 21, 41, 61, 81, 101, 121, 141, 161, 181, 201, 221, 241, 261, 262, 263, 264, 244, 224, 204, 184, 164, 144, 124, 104, 84, 64, 44, 24, 25, 26, 27, 28, 29, 30, 31, 32, 33, 34, 35, 36, 56, 76, 96, 116, 136, 156, 176, 196),DONE))
(5,(Set(6, 25, 4),30,Set(1, 21, 41, 61, 81, 101, 121, 141, 161, 181, 201, 221, 241, 261, 262, 263, 264, 244, 224, 204, 184, 164, 144, 124, 104, 84, 64, 44, 24, 4),DONE))
(225,(Set(205, 245, 224, 226),19,Set(1, 21, 41, 61, 81, 101, 121, 141, 161, 181, 201, 221, 241, 261, 262, 263, 264, 244, 224),DONE))
(177,(Set(197, 157, 176, 178),48,Set(1, 21, 41, 61, 81, 101, 121, 141, 161, 181, 201, 221, 241, 261, 262, 263, 264, 244, 224, 204, 184, 164, 144, 124, 104, 84, 64, 44, 24, 25, 26, 27, 28, 29, 30, 31, 32, 33, 34, 35, 36, 56, 76, 96, 116, 136, 156, 176),DONE))
(13,(Set(33, 12, 14),38,Set(1, 21, 41, 61, 81, 101, 121, 141, 161, 181, 201, 221, 241, 261, 262, 263, 264, 244, 224, 204, 184, 164, 144, 124, 104, 84, 64, 44, 24, 25, 26, 27, 28, 29, 30, 31, 32, 12),DONE))
(189,(Set(190, 169, 209),41,Set(1, 21, 41, 61, 81, 101, 121, 141, 161, 181, 201, 221, 241, 261, 262, 263, 264, 244, 224, 204, 184, 164, 144, 124, 104, 84, 64, 44, 24, 25, 26, 27, 28, 29, 49, 69, 89, 109, 129, 149, 169),DONE))
(137,(Set(117, 157, 136, 138),46,Set(1, 21, 41, 61, 81, 101, 121, 141, 161, 181, 201, 221, 241, 261, 262, 263, 264, 244, 224, 204, 184, 164, 144, 124, 104, 84, 64, 44, 24, 25, 26, 27, 28, 29, 30, 31, 32, 33, 34, 35, 36, 56, 76, 96, 116, 136),DONE))
(81,(Set(101, 61),4,Set(1, 21, 41, 61),DONE))
(381,(Set(361),19,Set(1, 21, 41, 61, 81, 101, 121, 141, 161, 181, 201, 221, 241, 261, 281, 301, 321, 341, 361),DONE))
(229,(Set(230, 249, 209),43,Set(1, 21, 41, 61, 81, 101, 121, 141, 161, 181, 201, 221, 241, 261, 262, 263, 264, 244, 224, 204, 184, 164, 144, 124, 104, 84, 64, 44, 24, 25, 26, 27, 28, 29, 49, 69, 89, 109, 129, 149, 169, 189, 209),DONE))
(325,(Set(305, 324, 326, 345),20,Set(1, 21, 41, 61, 81, 101, 121, 141, 161, 181, 201, 221, 241, 261, 262, 263, 264, 284, 304, 324),DONE))
(345,(Set(325, 365, 344, 346),21,Set(1, 21, 41, 61, 81, 101, 121, 141, 161, 181, 201, 221, 241, 261, 262, 263, 264, 284, 304, 324, 344),DONE))
(29,(Set(30, 9, 49, 28),33,Set(1, 21, 41, 61, 81, 101, 121, 141, 161, 181, 201, 221, 241, 261, 262, 263, 264, 244, 224, 204, 184, 164, 144, 124, 104, 84, 64, 44, 24, 25, 26, 27, 28),DONE))
(121,(Set(101, 141),6,Set(1, 21, 41, 61, 81, 101),DONE))
(349,(Set(350, 369, 329),49,Set(1, 21, 41, 61, 81, 101, 121, 141, 161, 181, 201, 221, 241, 261, 262, 263, 264, 244, 224, 204, 184, 164, 144, 124, 104, 84, 64, 44, 24, 25, 26, 27, 28, 29, 49, 69, 89, 109, 129, 149, 169, 189, 209, 229, 249, 269, 289, 309, 329),DONE))
(161,(Set(141, 181),8,Set(1, 21, 41, 61, 81, 101, 121, 141),DONE))
(57,(Set(37, 56, 58, 77),42,Set(1, 21, 41, 61, 81, 101, 121, 141, 161, 181, 201, 221, 241, 261, 262, 263, 264, 244, 224, 204, 184, 164, 144, 124, 104, 84, 64, 44, 24, 25, 26, 27, 28, 29, 30, 31, 32, 33, 34, 35, 36, 56),DONE))
(149,(Set(150, 129, 169),39,Set(1, 21, 41, 61, 81, 101, 121, 141, 161, 181, 201, 221, 241, 261, 262, 263, 264, 244, 224, 204, 184, 164, 144, 124, 104, 84, 64, 44, 24, 25, 26, 27, 28, 29, 49, 69, 89, 109, 129),DONE))
(133,(Set(153, 132, 134, 113),42,Set(1, 21, 41, 61, 81, 101, 121, 141, 161, 181, 201, 221, 241, 261, 262, 263, 264, 244, 224, 204, 184, 164, 144, 124, 104, 84, 64, 44, 24, 25, 26, 27, 28, 29, 30, 31, 32, 52, 72, 92, 112, 132),DONE))
(205,(Set(204, 206, 225, 185),20,Set(1, 21, 41, 61, 81, 101, 121, 141, 161, 181, 201, 221, 241, 261, 262, 263, 264, 244, 224, 204),DONE))
(45,(Set(46, 25, 65, 44),28,Set(1, 21, 41, 61, 81, 101, 121, 141, 161, 181, 201, 221, 241, 261, 262, 263, 264, 244, 224, 204, 184, 164, 144, 124, 104, 84, 64, 44),DONE))
(285,(Set(305, 284, 286, 265),18,Set(1, 21, 41, 61, 81, 101, 121, 141, 161, 181, 201, 221, 241, 261, 262, 263, 264, 284),DONE))
(305,(Set(306, 285, 325, 304),19,Set(1, 21, 41, 61, 81, 101, 121, 141, 161, 181, 201, 221, 241, 261, 262, 263, 264, 284, 304),DONE))
(313,(Set(314, 293, 333, 312),51,Set(1, 21, 41, 61, 81, 101, 121, 141, 161, 181, 201, 221, 241, 261, 262, 263, 264, 244, 224, 204, 184, 164, 144, 124, 104, 84, 64, 44, 24, 25, 26, 27, 28, 29, 30, 31, 32, 52, 72, 92, 112, 132, 152, 172, 192, 212, 232, 252, 272, 292, 312),DONE))
(173,(Set(153, 172, 174, 193),44,Set(1, 21, 41, 61, 81, 101, 121, 141, 161, 181, 201, 221, 241, 261, 262, 263, 264, 244, 224, 204, 184, 164, 144, 124, 104, 84, 64, 44, 24, 25, 26, 27, 28, 29, 30, 31, 32, 52, 72, 92, 112, 132, 152, 172),DONE))
(273,(Set(274, 253, 293, 272),49,Set(1, 21, 41, 61, 81, 101, 121, 141, 161, 181, 201, 221, 241, 261, 262, 263, 264, 244, 224, 204, 184, 164, 144, 124, 104, 84, 64, 44, 24, 25, 26, 27, 28, 29, 30, 31, 32, 52, 72, 92, 112, 132, 152, 172, 192, 212, 232, 252, 272),DONE))
(9,(Set(10, 29),34,Set(1, 21, 41, 61, 81, 101, 121, 141, 161, 181, 201, 221, 241, 261, 262, 263, 264, 244, 224, 204, 184, 164, 144, 124, 104, 84, 64, 44, 24, 25, 26, 27, 28, 29),DONE))
(49,(Set(50, 69, 29),34,Set(1, 21, 41, 61, 81, 101, 121, 141, 161, 181, 201, 221, 241, 261, 262, 263, 264, 244, 224, 204, 184, 164, 144, 124, 104, 84, 64, 44, 24, 25, 26, 27, 28, 29),DONE))
(385,(Set(386, 365, 384),23,Set(1, 21, 41, 61, 81, 101, 121, 141, 161, 181, 201, 221, 241, 261, 262, 263, 264, 284, 304, 324, 344, 364, 384),DONE))
(109,(Set(129, 89, 110),37,Set(1, 21, 41, 61, 81, 101, 121, 141, 161, 181, 201, 221, 241, 261, 262, 263, 264, 244, 224, 204, 184, 164, 144, 124, 104, 84, 64, 44, 24, 25, 26, 27, 28, 29, 49, 69, 89),DONE))
(61,(Set(81, 41),3,Set(1, 21, 41),DONE))
(337,(Set(338, 317, 357, 336),56,Set(1, 21, 41, 61, 81, 101, 121, 141, 161, 181, 201, 221, 241, 261, 262, 263, 264, 244, 224, 204, 184, 164, 144, 124, 104, 84, 64, 44, 24, 25, 26, 27, 28, 29, 30, 31, 32, 33, 34, 35, 36, 56, 76, 96, 116, 136, 156, 176, 196, 216, 236, 256, 276, 296, 316, 336),DONE))
(397,(Set(398, 377, 396),59,Set(1, 21, 41, 61, 81, 101, 121, 141, 161, 181, 201, 221, 241, 261, 262, 263, 264, 244, 224, 204, 184, 164, 144, 124, 104, 84, 64, 44, 24, 25, 26, 27, 28, 29, 30, 31, 32, 33, 34, 35, 36, 56, 76, 96, 116, 136, 156, 176, 196, 216, 236, 256, 276, 296, 316, 336, 356, 376, 396),DONE))
(301,(Set(281, 321),15,Set(1, 21, 41, 61, 81, 101, 121, 141, 161, 181, 201, 221, 241, 261, 281),DONE))
(97,(Set(117, 96, 98, 77),44,Set(1, 21, 41, 61, 81, 101, 121, 141, 161, 181, 201, 221, 241, 261, 262, 263, 264, 244, 224, 204, 184, 164, 144, 124, 104, 84, 64, 44, 24, 25, 26, 27, 28, 29, 30, 31, 32, 33, 34, 35, 36, 56, 76, 96),DONE))
(281,(Set(261, 301),14,Set(1, 21, 41, 61, 81, 101, 121, 141, 161, 181, 201, 221, 241, 261),DONE))
(329,(Set(330, 309, 349),48,Set(1, 21, 41, 61, 81, 101, 121, 141, 161, 181, 201, 221, 241, 261, 262, 263, 264, 244, 224, 204, 184, 164, 144, 124, 104, 84, 64, 44, 24, 25, 26, 27, 28, 29, 49, 69, 89, 109, 129, 149, 169, 189, 209, 229, 249, 269, 289, 309),DONE))
(117,(Set(118, 137, 97, 116),45,Set(1, 21, 41, 61, 81, 101, 121, 141, 161, 181, 201, 221, 241, 261, 262, 263, 264, 244, 224, 204, 184, 164, 144, 124, 104, 84, 64, 44, 24, 25, 26, 27, 28, 29, 30, 31, 32, 33, 34, 35, 36, 56, 76, 96, 116),DONE))
(73,(Set(74, 53, 93, 72),39,Set(1, 21, 41, 61, 81, 101, 121, 141, 161, 181, 201, 221, 241, 261, 262, 263, 264, 244, 224, 204, 184, 164, 144, 124, 104, 84, 64, 44, 24, 25, 26, 27, 28, 29, 30, 31, 32, 52, 72),DONE))
(233,(Set(234, 253, 213, 232),47,Set(1, 21, 41, 61, 81, 101, 121, 141, 161, 181, 201, 221, 241, 261, 262, 263, 264, 244, 224, 204, 184, 164, 144, 124, 104, 84, 64, 44, 24, 25, 26, 27, 28, 29, 30, 31, 32, 52, 72, 92, 112, 132, 152, 172, 192, 212, 232),DONE))
(245,(Set(246, 225, 265, 244),18,Set(1, 21, 41, 61, 81, 101, 121, 141, 161, 181, 201, 221, 241, 261, 262, 263, 264, 244),DONE))
(181,(Set(161, 201),9,Set(1, 21, 41, 61, 81, 101, 121, 141, 161),DONE))
(237,(Set(238, 257, 217, 236),51,Set(1, 21, 41, 61, 81, 101, 121, 141, 161, 181, 201, 221, 241, 261, 262, 263, 264, 244, 224, 204, 184, 164, 144, 124, 104, 84, 64, 44, 24, 25, 26, 27, 28, 29, 30, 31, 32, 33, 34, 35, 36, 56, 76, 96, 116, 136, 156, 176, 196, 216, 236),DONE))
(317,(Set(318, 297, 337, 316),55,Set(1, 21, 41, 61, 81, 101, 121, 141, 161, 181, 201, 221, 241, 261, 262, 263, 264, 244, 224, 204, 184, 164, 144, 124, 104, 84, 64, 44, 24, 25, 26, 27, 28, 29, 30, 31, 32, 33, 34, 35, 36, 56, 76, 96, 116, 136, 156, 176, 196, 216, 236, 256, 276, 296, 316),DONE))
(249,(Set(269, 250, 229),44,Set(1, 21, 41, 61, 81, 101, 121, 141, 161, 181, 201, 221, 241, 261, 262, 263, 264, 244, 224, 204, 184, 164, 144, 124, 104, 84, 64, 44, 24, 25, 26, 27, 28, 29, 49, 69, 89, 109, 129, 149, 169, 189, 209, 229),DONE))
(141,(Set(161, 121),7,Set(1, 21, 41, 61, 81, 101, 121),DONE))
(221,(Set(201, 241),11,Set(1, 21, 41, 61, 81, 101, 121, 141, 161, 181, 201),DONE))
(257,(Set(237, 277, 256, 258),52,Set(1, 21, 41, 61, 81, 101, 121, 141, 161, 181, 201, 221, 241, 261, 262, 263, 264, 244, 224, 204, 184, 164, 144, 124, 104, 84, 64, 44, 24, 25, 26, 27, 28, 29, 30, 31, 32, 33, 34, 35, 36, 56, 76, 96, 116, 136, 156, 176, 196, 216, 236, 256),DONE))
(361,(Set(341, 381),18,Set(1, 21, 41, 61, 81, 101, 121, 141, 161, 181, 201, 221, 241, 261, 281, 301, 321, 341),DONE))
(377,(Set(357, 397, 376),58,Set(1, 21, 41, 61, 81, 101, 121, 141, 161, 181, 201, 221, 241, 261, 262, 263, 264, 244, 224, 204, 184, 164, 144, 124, 104, 84, 64, 44, 24, 25, 26, 27, 28, 29, 30, 31, 32, 33, 34, 35, 36, 56, 76, 96, 116, 136, 156, 176, 196, 216, 236, 256, 276, 296, 316, 336, 356, 376),DONE))
(389,(Set(390, 369),51,Set(1, 21, 41, 61, 81, 101, 121, 141, 161, 181, 201, 221, 241, 261, 262, 263, 264, 244, 224, 204, 184, 164, 144, 124, 104, 84, 64, 44, 24, 25, 26, 27, 28, 29, 49, 69, 89, 109, 129, 149, 169, 189, 209, 229, 249, 269, 289, 309, 329, 349, 369),DONE))
(357,(Set(356, 377, 337),57,Set(1, 21, 41, 61, 81, 101, 121, 141, 161, 181, 201, 221, 241, 261, 262, 263, 264, 244, 224, 204, 184, 164, 144, 124, 104, 84, 64, 44, 24, 25, 26, 27, 28, 29, 30, 31, 32, 33, 34, 35, 36, 56, 76, 96, 116, 136, 156, 176, 196, 216, 236, 256, 276, 296, 316, 336, 356),DONE))
(209,(Set(210, 189, 229),42,Set(1, 21, 41, 61, 81, 101, 121, 141, 161, 181, 201, 221, 241, 261, 262, 263, 264, 244, 224, 204, 184, 164, 144, 124, 104, 84, 64, 44, 24, 25, 26, 27, 28, 29, 49, 69, 89, 109, 129, 149, 169, 189),DONE))
(365,(Set(366, 345, 385, 364),22,Set(1, 21, 41, 61, 81, 101, 121, 141, 161, 181, 201, 221, 241, 261, 262, 263, 264, 284, 304, 324, 344, 364),DONE))
(129,(Set(130, 109, 149),38,Set(1, 21, 41, 61, 81, 101, 121, 141, 161, 181, 201, 221, 241, 261, 262, 263, 264, 244, 224, 204, 184, 164, 144, 124, 104, 84, 64, 44, 24, 25, 26, 27, 28, 29, 49, 69, 89, 109),DONE))
