(1,92,Set(1, 11, 21, 31, 41, 51, 61, 71, 81, 91, 92),10)
(1,83,Set(1, 11, 21, 31, 41, 51, 61, 71, 72, 73, 83),10)
(1,95,Set(1, 11, 21, 31, 41, 51, 61, 71, 72, 73, 83, 93, 94, 95),13)
(1,23,Set(1, 11, 12, 13, 23),4)
(1,86,Set(1, 11, 21, 31, 41, 51, 61, 71, 72, 73, 83, 84, 85, 86),13)
(1,77,Set(1, 11, 21, 31, 41, 51, 61, 71, 72, 73, 74, 75, 76, 77),13)
(1,59,Set(1, 11, 21, 31, 41, 51, 52, 53, 54, 55, 56, 57, 58, 59),13)
(1,50,Set(1, 11, 21, 31, 32, 33, 34, 35, 36, 37, 38, 39, 40, 50),13)
(1,32,Set(1, 11, 21, 31, 32),4)
(1,41,Set(1, 11, 21, 31, 41),4)
(1,53,Set(1, 11, 21, 31, 41, 51, 52, 53),7)
(1,17,Set(1, 11, 12, 13, 14, 15, 16, 17),7)
(1,35,Set(1, 11, 21, 31, 32, 33, 34, 35),7)
(1,44,Set(1, 11, 21, 31, 32, 33, 43, 44),7)
(1,26,Set(1, 11, 12, 13, 23, 24, 25, 26),7)
(1,89,Set(1, 11, 21, 31, 41, 51, 61, 71, 72, 73, 74, 75, 76, 77, 78, 79, 89),16)
(1,80,Set(1, 11, 21, 31, 41, 51, 61, 71, 72, 73, 74, 75, 76, 77, 78, 79, 80),16)
(1,98,Set(1, 11, 21, 31, 41, 51, 61, 71, 72, 73, 83, 93, 94, 95, 96, 97, 98),16)
(1,71,Set(1, 11, 21, 31, 41, 51, 61, 71),7)
(1,11,Set(1, 11),1)
(1,74,Set(1, 11, 21, 31, 41, 51, 61, 71, 72, 73, 74),10)
(1,56,Set(1, 11, 21, 31, 41, 51, 52, 53, 54, 55, 56),10)
(1,38,Set(1, 11, 21, 31, 32, 33, 34, 35, 36, 37, 38),10)
(1,47,Set(1, 11, 21, 31, 32, 33, 43, 44, 45, 46, 47),10)
(1,29,Set(1, 11, 12, 13, 23, 24, 25, 26, 27, 28, 29),10)
(1,20,Set(1, 11, 12, 13, 14, 15, 16, 17, 18, 19, 20),10)
(1,65,Set(1, 11, 21, 31, 41, 51, 52, 53, 54, 55, 65),10)
(1,5,Set(1, 11, 12, 13, 14, 4, 5),6)
(1,14,Set(1, 11, 12, 13, 14),4)
(1,46,Set(1, 11, 21, 31, 32, 33, 43, 44, 45, 46),9)
(1,100,Set(1, 11, 21, 31, 41, 51, 61, 71, 72, 73, 83, 93, 94, 95, 96, 97, 98, 99, 100),18)
(1,91,Set(1, 11, 21, 31, 41, 51, 61, 71, 81, 91),9)
(1,55,Set(1, 11, 21, 31, 41, 51, 52, 53, 54, 55),9)
(1,64,Set(1, 11, 21, 31, 41, 51, 52, 53, 54, 64),9)
(1,73,Set(1, 11, 21, 31, 41, 51, 61, 71, 72, 73),9)
(1,94,Set(1, 11, 21, 31, 41, 51, 61, 71, 72, 73, 83, 93, 94),12)
(1,85,Set(1, 11, 21, 31, 41, 51, 61, 71, 72, 73, 83, 84, 85),12)
(1,58,Set(1, 11, 21, 31, 41, 51, 52, 53, 54, 55, 56, 57, 58),12)
(1,67,Set(1, 11, 21, 31, 41, 51, 52, 53, 54, 55, 65, 66, 67),12)
(1,40,Set(1, 11, 21, 31, 32, 33, 34, 35, 36, 37, 38, 39, 40),12)
(1,49,Set(1, 11, 21, 31, 32, 33, 34, 35, 36, 37, 38, 39, 49),12)
(1,13,Set(1, 11, 12, 13),3)
(1,4,Set(1, 11, 12, 13, 14, 4),5)
(1,76,Set(1, 11, 21, 31, 41, 51, 61, 71, 72, 73, 74, 75, 76),12)
(1,31,Set(1, 11, 21, 31),3)
(1,97,Set(1, 11, 21, 31, 41, 51, 61, 71, 72, 73, 83, 93, 94, 95, 96, 97),15)
(1,16,Set(1, 11, 12, 13, 14, 15, 16),6)
(1,79,Set(1, 11, 21, 31, 41, 51, 61, 71, 72, 73, 74, 75, 76, 77, 78, 79),15)
(1,7,Set(1, 11, 12, 13, 14, 4, 5, 6, 7),8)
(1,70,Set(1, 11, 21, 31, 41, 51, 52, 53, 54, 55, 56, 57, 58, 59, 69, 70),15)
(1,52,Set(1, 11, 21, 31, 41, 51, 52),6)
(1,43,Set(1, 11, 21, 31, 32, 33, 43),6)
(1,25,Set(1, 11, 12, 13, 23, 24, 25),6)
(1,34,Set(1, 11, 21, 31, 32, 33, 34),6)
(1,61,Set(1, 11, 21, 31, 41, 51, 61),6)
(1,10,Set(1, 11, 12, 13, 14, 15, 16, 17, 18, 19, 20, 10),11)
(1,37,Set(1, 11, 21, 31, 32, 33, 34, 35, 36, 37),9)
(1,28,Set(1, 11, 12, 13, 23, 24, 25, 26, 27, 28),9)
(1,19,Set(1, 11, 12, 13, 14, 15, 16, 17, 18, 19),9)
(1,60,Set(1, 11, 21, 31, 41, 51, 52, 53, 54, 55, 56, 57, 58, 59, 60),14)
(1,87,Set(1, 11, 21, 31, 41, 51, 61, 71, 72, 73, 83, 84, 85, 86, 87),14)
(1,96,Set(1, 11, 21, 31, 41, 51, 61, 71, 72, 73, 83, 93, 94, 95, 96),14)
(1,78,Set(1, 11, 21, 31, 41, 51, 61, 71, 72, 73, 74, 75, 76, 77, 78),14)
(1,69,Set(1, 11, 21, 31, 41, 51, 52, 53, 54, 55, 56, 57, 58, 59, 69),14)
(1,99,Set(1, 11, 21, 31, 41, 51, 61, 71, 72, 73, 83, 93, 94, 95, 96, 97, 98, 99),17)
(1,90,Set(1, 11, 21, 31, 41, 51, 61, 71, 72, 73, 74, 75, 76, 77, 78, 79, 80, 90),17)
(1,63,Set(1, 11, 21, 31, 41, 51, 52, 53, 63),8)
(1,45,Set(1, 11, 21, 31, 32, 33, 43, 44, 45),8)
(1,54,Set(1, 11, 21, 31, 41, 51, 52, 53, 54),8)
(1,81,Set(1, 11, 21, 31, 41, 51, 61, 71, 81),8)
(1,72,Set(1, 11, 21, 31, 41, 51, 61, 71, 72),8)
(1,27,Set(1, 11, 12, 13, 23, 24, 25, 26, 27),8)
(1,36,Set(1, 11, 21, 31, 32, 33, 34, 35, 36),8)
(1,9,Set(1, 11, 12, 13, 14, 15, 16, 17, 18, 19, 9),10)
(1,18,Set(1, 11, 12, 13, 14, 15, 16, 17, 18),8)
(1,57,Set(1, 11, 21, 31, 41, 51, 52, 53, 54, 55, 56, 57),11)
(1,21,Set(1, 11, 21),2)
(1,84,Set(1, 11, 21, 31, 41, 51, 61, 71, 72, 73, 83, 84),11)
(1,12,Set(1, 11, 12),2)
(1,3,Set(1, 11, 12, 13, 3),4)
(1,93,Set(1, 11, 21, 31, 41, 51, 61, 71, 72, 73, 83, 93),11)
(1,75,Set(1, 11, 21, 31, 41, 51, 61, 71, 72, 73, 74, 75),11)
(1,30,Set(1, 11, 12, 13, 23, 24, 25, 26, 27, 28, 29, 30),11)
(1,39,Set(1, 11, 21, 31, 32, 33, 34, 35, 36, 37, 38, 39),11)
(1,66,Set(1, 11, 21, 31, 41, 51, 52, 53, 54, 55, 65, 66),11)
(1,15,Set(1, 11, 12, 13, 14, 15),5)
(1,51,Set(1, 11, 21, 31, 41, 51),5)
(1,6,Set(1, 11, 12, 13, 14, 4, 5, 6),7)
(1,33,Set(1, 11, 21, 31, 32, 33),5)
(1,24,Set(1, 11, 12, 13, 23, 24),5)
(3,92,Set(3, 13, 23, 33, 43, 53, 63, 73, 83, 93, 92),10)
(3,83,Set(3, 13, 23, 33, 43, 53, 63, 73, 83),8)
(3,95,Set(3, 4, 14, 24, 25, 35, 45, 55, 65, 75, 85, 95),11)
(3,23,Set(3, 13, 23),2)
(3,86,Set(3, 4, 14, 24, 25, 26, 36, 46, 56, 66, 76, 86),11)
(3,77,Set(3, 4, 14, 24, 25, 26, 36, 46, 47, 57, 67, 77),11)
(3,59,Set(3, 4, 14, 24, 25, 26, 36, 46, 47, 57, 58, 59),11)
(3,50,Set(3, 4, 14, 24, 25, 26, 36, 37, 38, 39, 40, 50),11)
(3,32,Set(3, 13, 23, 33, 32),4)
(3,41,Set(3, 13, 23, 33, 32, 31, 41),6)
(3,53,Set(3, 13, 23, 33, 43, 53),5)
(3,44,Set(3, 4, 14, 24, 34, 44),5)
(3,35,Set(3, 4, 14, 24, 25, 35),5)
(3,17,Set(3, 4, 14, 15, 16, 17),5)
(3,26,Set(3, 4, 14, 24, 25, 26),5)
(3,89,Set(3, 4, 14, 24, 25, 26, 36, 46, 47, 57, 58, 59, 69, 79, 89),14)
(3,80,Set(3, 4, 14, 24, 25, 26, 36, 46, 47, 57, 58, 59, 69, 79, 80),14)
(3,98,Set(3, 4, 14, 24, 25, 26, 36, 46, 47, 57, 67, 77, 87, 97, 98),14)
(3,71,Set(3, 13, 23, 33, 43, 53, 52, 51, 61, 71),9)
(3,11,Set(3, 13, 12, 11),3)
(3,74,Set(3, 4, 14, 24, 34, 44, 54, 64, 74),8)
(3,56,Set(3, 4, 14, 24, 25, 26, 36, 46, 56),8)
(3,38,Set(3, 4, 14, 24, 25, 26, 36, 37, 38),8)
(3,47,Set(3, 4, 14, 24, 25, 26, 36, 46, 47),8)
(3,29,Set(3, 4, 14, 24, 25, 26, 27, 28, 29),8)
(3,20,Set(3, 4, 14, 15, 16, 17, 18, 19, 20),8)
(3,65,Set(3, 4, 14, 24, 25, 35, 45, 55, 65),8)
(3,5,Set(3, 4, 5),2)
(3,14,Set(3, 4, 14),2)
(3,46,Set(3, 4, 14, 24, 25, 26, 36, 46),7)
(3,100,Set(3, 4, 14, 24, 25, 26, 36, 46, 47, 57, 58, 59, 69, 79, 80, 90, 100),16)
(3,91,Set(3, 13, 23, 33, 43, 53, 52, 51, 61, 71, 81, 91),11)
(3,55,Set(3, 4, 14, 24, 25, 35, 45, 55),7)
(3,64,Set(3, 4, 14, 24, 34, 44, 54, 64),7)
(3,73,Set(3, 13, 23, 33, 43, 53, 63, 73),7)
(3,94,Set(3, 4, 14, 24, 34, 44, 54, 64, 74, 84, 94),10)
(3,85,Set(3, 4, 14, 24, 25, 35, 45, 55, 65, 75, 85),10)
(3,58,Set(3, 4, 14, 24, 25, 26, 36, 46, 47, 57, 58),10)
(3,67,Set(3, 4, 14, 24, 25, 26, 36, 46, 47, 57, 67),10)
(3,40,Set(3, 4, 14, 24, 25, 26, 36, 37, 38, 39, 40),10)
(3,49,Set(3, 4, 14, 24, 25, 26, 36, 37, 38, 39, 49),10)
(3,13,Set(3, 13),1)
(3,4,Set(3, 4),1)
(3,76,Set(3, 4, 14, 24, 25, 26, 36, 46, 56, 66, 76),10)
(3,31,Set(3, 13, 23, 33, 32, 31),5)
(3,97,Set(3, 4, 14, 24, 25, 26, 36, 46, 47, 57, 67, 77, 87, 97),13)
(3,16,Set(3, 4, 14, 15, 16),4)
(3,79,Set(3, 4, 14, 24, 25, 26, 36, 46, 47, 57, 58, 59, 69, 79),13)
(3,7,Set(3, 4, 5, 6, 7),4)
(3,70,Set(3, 4, 14, 24, 25, 26, 36, 46, 47, 57, 58, 59, 69, 70),13)
(3,43,Set(3, 13, 23, 33, 43),4)
(3,52,Set(3, 13, 23, 33, 43, 53, 52),6)
(3,25,Set(3, 4, 14, 24, 25),4)
(3,34,Set(3, 4, 14, 24, 34),4)
(3,61,Set(3, 13, 23, 33, 43, 53, 52, 51, 61),8)
(3,10,Set(3, 4, 14, 15, 16, 17, 18, 19, 20, 10),9)
(3,37,Set(3, 4, 14, 24, 25, 26, 36, 37),7)
(3,1,Set(3, 13, 12, 11, 1),4)
(3,28,Set(3, 4, 14, 24, 25, 26, 27, 28),7)
(3,19,Set(3, 4, 14, 15, 16, 17, 18, 19),7)
(3,60,Set(3, 4, 14, 24, 25, 26, 36, 46, 47, 57, 58, 59, 60),12)
(3,87,Set(3, 4, 14, 24, 25, 26, 36, 46, 47, 57, 67, 77, 87),12)
(3,96,Set(3, 4, 14, 24, 25, 26, 36, 46, 56, 66, 76, 86, 96),12)
(3,78,Set(3, 4, 14, 24, 25, 26, 36, 46, 47, 57, 67, 77, 78),12)
(3,69,Set(3, 4, 14, 24, 25, 26, 36, 46, 47, 57, 58, 59, 69),12)
(3,99,Set(3, 4, 14, 24, 25, 26, 36, 46, 47, 57, 58, 59, 69, 79, 89, 99),15)
(3,90,Set(3, 4, 14, 24, 25, 26, 36, 46, 47, 57, 58, 59, 69, 79, 80, 90),15)
(3,63,Set(3, 13, 23, 33, 43, 53, 63),6)
(3,45,Set(3, 4, 14, 24, 25, 35, 45),6)
(3,54,Set(3, 4, 14, 24, 34, 44, 54),6)
(3,81,Set(3, 13, 23, 33, 43, 53, 52, 51, 61, 71, 81),10)
(3,72,Set(3, 13, 23, 33, 43, 53, 63, 73, 72),8)
(3,27,Set(3, 4, 14, 24, 25, 26, 27),6)
(3,36,Set(3, 4, 14, 24, 25, 26, 36),6)
(3,18,Set(3, 4, 14, 15, 16, 17, 18),6)
(3,9,Set(3, 4, 14, 15, 16, 17, 18, 19, 9),8)
(3,57,Set(3, 4, 14, 24, 25, 26, 36, 46, 47, 57),9)
(3,21,Set(3, 13, 12, 11, 21),4)
(3,84,Set(3, 4, 14, 24, 34, 44, 54, 64, 74, 84),9)
(3,12,Set(3, 13, 12),2)
(3,93,Set(3, 13, 23, 33, 43, 53, 63, 73, 83, 93),9)
(3,75,Set(3, 4, 14, 24, 25, 35, 45, 55, 65, 75),9)
(3,30,Set(3, 4, 14, 24, 25, 26, 27, 28, 29, 30),9)
(3,39,Set(3, 4, 14, 24, 25, 26, 36, 37, 38, 39),9)
(3,66,Set(3, 4, 14, 24, 25, 26, 36, 46, 56, 66),9)
(3,15,Set(3, 4, 14, 15),3)
(3,51,Set(3, 13, 23, 33, 43, 53, 52, 51),7)
(3,24,Set(3, 4, 14, 24),3)
(3,33,Set(3, 13, 23, 33),3)
(3,6,Set(3, 4, 5, 6),3)
(4,92,Set(4, 14, 24, 23, 33, 43, 53, 63, 73, 83, 93, 92),11)
(4,83,Set(4, 14, 24, 23, 33, 43, 53, 63, 73, 83),9)
(4,95,Set(4, 14, 24, 25, 35, 45, 55, 65, 75, 85, 95),10)
(4,23,Set(4, 14, 24, 23),3)
(4,86,Set(4, 14, 24, 25, 26, 36, 46, 56, 66, 76, 86),10)
(4,77,Set(4, 14, 24, 25, 26, 36, 46, 47, 57, 67, 77),10)
(4,59,Set(4, 14, 24, 25, 26, 36, 46, 47, 57, 58, 59),10)
(4,50,Set(4, 14, 24, 25, 26, 36, 37, 38, 39, 40, 50),10)
(4,32,Set(4, 14, 24, 23, 33, 32),5)
(4,41,Set(4, 14, 24, 23, 33, 32, 31, 41),7)
(4,53,Set(4, 14, 24, 23, 33, 43, 53),6)
(4,44,Set(4, 14, 24, 34, 44),4)
(4,35,Set(4, 14, 24, 25, 35),4)
(4,17,Set(4, 14, 15, 16, 17),4)
(4,26,Set(4, 14, 24, 25, 26),4)
(4,89,Set(4, 14, 24, 25, 26, 36, 46, 47, 57, 58, 59, 69, 79, 89),13)
(4,80,Set(4, 14, 24, 25, 26, 36, 46, 47, 57, 58, 59, 69, 79, 80),13)
(4,98,Set(4, 14, 24, 25, 26, 36, 46, 47, 57, 67, 77, 87, 97, 98),13)
(4,71,Set(4, 14, 24, 23, 33, 43, 53, 52, 51, 61, 71),10)
(4,11,Set(4, 14, 13, 12, 11),4)
(4,74,Set(4, 14, 24, 34, 44, 54, 64, 74),7)
(4,56,Set(4, 14, 24, 25, 26, 36, 46, 56),7)
(4,38,Set(4, 14, 24, 25, 26, 36, 37, 38),7)
(4,47,Set(4, 14, 24, 25, 26, 36, 46, 47),7)
(4,29,Set(4, 14, 24, 25, 26, 27, 28, 29),7)
(4,20,Set(4, 14, 15, 16, 17, 18, 19, 20),7)
(4,65,Set(4, 14, 24, 25, 35, 45, 55, 65),7)
(4,5,Set(4, 5),1)
(4,14,Set(4, 14),1)
(4,46,Set(4, 14, 24, 25, 26, 36, 46),6)
(4,100,Set(4, 14, 24, 25, 26, 36, 46, 47, 57, 58, 59, 69, 79, 80, 90, 100),15)
(4,91,Set(4, 14, 24, 23, 33, 43, 53, 52, 51, 61, 71, 81, 91),12)
(4,73,Set(4, 14, 24, 23, 33, 43, 53, 63, 73),8)
(4,55,Set(4, 14, 24, 25, 35, 45, 55),6)
(4,64,Set(4, 14, 24, 34, 44, 54, 64),6)
(4,94,Set(4, 14, 24, 34, 44, 54, 64, 74, 84, 94),9)
(4,85,Set(4, 14, 24, 25, 35, 45, 55, 65, 75, 85),9)
(4,58,Set(4, 14, 24, 25, 26, 36, 46, 47, 57, 58),9)
(4,67,Set(4, 14, 24, 25, 26, 36, 46, 47, 57, 67),9)
(4,40,Set(4, 14, 24, 25, 26, 36, 37, 38, 39, 40),9)
(4,49,Set(4, 14, 24, 25, 26, 36, 37, 38, 39, 49),9)
(4,13,Set(4, 14, 13),2)
(4,76,Set(4, 14, 24, 25, 26, 36, 46, 56, 66, 76),9)
(4,31,Set(4, 14, 24, 23, 33, 32, 31),6)
(4,97,Set(4, 14, 24, 25, 26, 36, 46, 47, 57, 67, 77, 87, 97),12)
(4,16,Set(4, 14, 15, 16),3)
(4,79,Set(4, 14, 24, 25, 26, 36, 46, 47, 57, 58, 59, 69, 79),12)
(4,7,Set(4, 5, 6, 7),3)
(4,70,Set(4, 14, 24, 25, 26, 36, 46, 47, 57, 58, 59, 69, 70),12)
(4,43,Set(4, 14, 24, 23, 33, 43),5)
(4,52,Set(4, 14, 24, 23, 33, 43, 53, 52),7)
(4,25,Set(4, 14, 24, 25),3)
(4,34,Set(4, 14, 24, 34),3)
(4,61,Set(4, 14, 24, 23, 33, 43, 53, 52, 51, 61),9)
(4,10,Set(4, 14, 15, 16, 17, 18, 19, 20, 10),8)
(4,37,Set(4, 14, 24, 25, 26, 36, 37),6)
(4,1,Set(4, 14, 13, 12, 11, 1),5)
(4,28,Set(4, 14, 24, 25, 26, 27, 28),6)
(4,19,Set(4, 14, 15, 16, 17, 18, 19),6)
(4,60,Set(4, 14, 24, 25, 26, 36, 46, 47, 57, 58, 59, 60),11)
(4,87,Set(4, 14, 24, 25, 26, 36, 46, 47, 57, 67, 77, 87),11)
(4,96,Set(4, 14, 24, 25, 26, 36, 46, 56, 66, 76, 86, 96),11)
(4,78,Set(4, 14, 24, 25, 26, 36, 46, 47, 57, 67, 77, 78),11)
(4,69,Set(4, 14, 24, 25, 26, 36, 46, 47, 57, 58, 59, 69),11)
(4,99,Set(4, 14, 24, 25, 26, 36, 46, 47, 57, 58, 59, 69, 79, 89, 99),14)
(4,90,Set(4, 14, 24, 25, 26, 36, 46, 47, 57, 58, 59, 69, 79, 80, 90),14)
(4,63,Set(4, 14, 24, 23, 33, 43, 53, 63),7)
(4,45,Set(4, 14, 24, 25, 35, 45),5)
(4,54,Set(4, 14, 24, 34, 44, 54),5)
(4,81,Set(4, 14, 24, 23, 33, 43, 53, 52, 51, 61, 71, 81),11)
(4,72,Set(4, 14, 24, 23, 33, 43, 53, 63, 73, 72),9)
(4,36,Set(4, 14, 24, 25, 26, 36),5)
(4,27,Set(4, 14, 24, 25, 26, 27),5)
(4,18,Set(4, 14, 15, 16, 17, 18),5)
(4,9,Set(4, 14, 15, 16, 17, 18, 19, 9),7)
(4,21,Set(4, 14, 13, 12, 11, 21),5)
(4,57,Set(4, 14, 24, 25, 26, 36, 46, 47, 57),8)
(4,84,Set(4, 14, 24, 34, 44, 54, 64, 74, 84),8)
(4,3,Set(4, 3),1)
(4,12,Set(4, 14, 13, 12),3)
(4,93,Set(4, 14, 24, 23, 33, 43, 53, 63, 73, 83, 93),10)
(4,75,Set(4, 14, 24, 25, 35, 45, 55, 65, 75),8)
(4,30,Set(4, 14, 24, 25, 26, 27, 28, 29, 30),8)
(4,39,Set(4, 14, 24, 25, 26, 36, 37, 38, 39),8)
(4,66,Set(4, 14, 24, 25, 26, 36, 46, 56, 66),8)
(4,15,Set(4, 14, 15),2)
(4,51,Set(4, 14, 24, 23, 33, 43, 53, 52, 51),8)
(4,33,Set(4, 14, 24, 23, 33),4)
(4,6,Set(4, 5, 6),2)
(4,24,Set(4, 14, 24),2)
(5,92,Set(5, 4, 14, 24, 23, 33, 43, 53, 63, 73, 83, 93, 92),12)
(5,83,Set(5, 4, 14, 24, 23, 33, 43, 53, 63, 73, 83),10)
(5,95,Set(5, 15, 25, 35, 45, 55, 65, 75, 85, 95),9)
(5,23,Set(5, 4, 14, 24, 23),4)
(5,86,Set(5, 6, 16, 26, 36, 46, 56, 66, 76, 86),9)
(5,77,Set(5, 6, 7, 17, 27, 37, 47, 57, 67, 77),9)
(5,59,Set(5, 6, 7, 17, 18, 28, 29, 39, 49, 59),9)
(5,50,Set(5, 6, 7, 17, 18, 28, 29, 39, 40, 50),9)
(5,41,Set(5, 4, 14, 24, 23, 33, 32, 31, 41),8)
(5,32,Set(5, 4, 14, 24, 23, 33, 32),6)
(5,53,Set(5, 4, 14, 24, 23, 33, 43, 53),7)
(5,17,Set(5, 6, 7, 17),3)
(5,35,Set(5, 15, 25, 35),3)
(5,44,Set(5, 4, 14, 24, 34, 44),5)
(5,26,Set(5, 6, 16, 26),3)
(5,89,Set(5, 6, 7, 17, 18, 28, 29, 39, 49, 59, 69, 79, 89),12)
(5,80,Set(5, 6, 7, 17, 18, 28, 29, 39, 40, 50, 60, 70, 80),12)
(5,98,Set(5, 6, 7, 17, 27, 37, 47, 57, 67, 77, 87, 97, 98),12)
(5,71,Set(5, 4, 14, 24, 23, 33, 43, 53, 52, 51, 61, 71),11)
(5,11,Set(5, 4, 14, 13, 12, 11),5)
(5,74,Set(5, 4, 14, 24, 34, 44, 54, 64, 74),8)
(5,56,Set(5, 6, 16, 26, 36, 46, 56),6)
(5,38,Set(5, 6, 7, 17, 18, 28, 38),6)
(5,47,Set(5, 6, 7, 17, 27, 37, 47),6)
(5,29,Set(5, 6, 7, 17, 18, 28, 29),6)
(5,20,Set(5, 6, 7, 17, 18, 19, 20),6)
(5,65,Set(5, 15, 25, 35, 45, 55, 65),6)
(5,14,Set(5, 4, 14),2)
(5,46,Set(5, 6, 16, 26, 36, 46),5)
(5,100,Set(5, 6, 7, 17, 18, 28, 29, 39, 40, 50, 60, 70, 80, 90, 100),14)
(5,91,Set(5, 4, 14, 24, 23, 33, 43, 53, 52, 51, 61, 71, 81, 91),13)
(5,73,Set(5, 4, 14, 24, 23, 33, 43, 53, 63, 73),9)
(5,55,Set(5, 15, 25, 35, 45, 55),5)
(5,64,Set(5, 4, 14, 24, 34, 44, 54, 64),7)
(5,94,Set(5, 4, 14, 24, 34, 44, 54, 64, 74, 84, 94),10)
(5,85,Set(5, 15, 25, 35, 45, 55, 65, 75, 85),8)
(5,58,Set(5, 6, 7, 17, 27, 37, 47, 57, 58),8)
(5,67,Set(5, 6, 7, 17, 27, 37, 47, 57, 67),8)
(5,40,Set(5, 6, 7, 17, 18, 28, 29, 39, 40),8)
(5,49,Set(5, 6, 7, 17, 18, 28, 29, 39, 49),8)
(5,4,Set(5, 4),1)
(5,13,Set(5, 4, 14, 13),3)
(5,76,Set(5, 6, 16, 26, 36, 46, 56, 66, 76),8)
(5,31,Set(5, 4, 14, 24, 23, 33, 32, 31),7)
(5,97,Set(5, 6, 7, 17, 27, 37, 47, 57, 67, 77, 87, 97),11)
(5,16,Set(5, 6, 16),2)
(5,79,Set(5, 6, 7, 17, 18, 28, 29, 39, 49, 59, 69, 79),11)
(5,7,Set(5, 6, 7),2)
(5,70,Set(5, 6, 7, 17, 18, 28, 29, 39, 40, 50, 60, 70),11)
(5,52,Set(5, 4, 14, 24, 23, 33, 43, 53, 52),8)
(5,43,Set(5, 4, 14, 24, 23, 33, 43),6)
(5,25,Set(5, 15, 25),2)
(5,34,Set(5, 4, 14, 24, 34),4)
(5,61,Set(5, 4, 14, 24, 23, 33, 43, 53, 52, 51, 61),10)
(5,10,Set(5, 6, 7, 17, 18, 19, 20, 10),7)
(5,37,Set(5, 6, 7, 17, 27, 37),5)
(5,1,Set(5, 4, 14, 13, 12, 11, 1),6)
(5,19,Set(5, 6, 7, 17, 18, 19),5)
(5,28,Set(5, 6, 7, 17, 18, 28),5)
(5,60,Set(5, 6, 7, 17, 18, 28, 29, 39, 40, 50, 60),10)
(5,87,Set(5, 6, 7, 17, 27, 37, 47, 57, 67, 77, 87),10)
(5,96,Set(5, 6, 16, 26, 36, 46, 56, 66, 76, 86, 96),10)
(5,78,Set(5, 6, 7, 17, 27, 37, 47, 57, 67, 77, 78),10)
(5,69,Set(5, 6, 7, 17, 18, 28, 29, 39, 49, 59, 69),10)
(5,99,Set(5, 6, 7, 17, 18, 28, 29, 39, 49, 59, 69, 79, 89, 99),13)
(5,90,Set(5, 6, 7, 17, 18, 28, 29, 39, 40, 50, 60, 70, 80, 90),13)
(5,63,Set(5, 4, 14, 24, 23, 33, 43, 53, 63),8)
(5,45,Set(5, 15, 25, 35, 45),4)
(5,54,Set(5, 4, 14, 24, 34, 44, 54),6)
(5,81,Set(5, 4, 14, 24, 23, 33, 43, 53, 52, 51, 61, 71, 81),12)
(5,72,Set(5, 4, 14, 24, 23, 33, 43, 53, 63, 73, 72),10)
(5,36,Set(5, 6, 16, 26, 36),4)
(5,27,Set(5, 6, 7, 17, 27),4)
(5,18,Set(5, 6, 7, 17, 18),4)
(5,9,Set(5, 6, 7, 17, 18, 19, 9),6)
(5,21,Set(5, 4, 14, 13, 12, 11, 21),6)
(5,57,Set(5, 6, 7, 17, 27, 37, 47, 57),7)
(5,84,Set(5, 4, 14, 24, 34, 44, 54, 64, 74, 84),9)
(5,12,Set(5, 4, 14, 13, 12),4)
(5,3,Set(5, 4, 3),2)
(5,93,Set(5, 4, 14, 24, 23, 33, 43, 53, 63, 73, 83, 93),11)
(5,75,Set(5, 15, 25, 35, 45, 55, 65, 75),7)
(5,30,Set(5, 6, 7, 17, 18, 28, 29, 30),7)
(5,39,Set(5, 6, 7, 17, 18, 28, 29, 39),7)
(5,66,Set(5, 6, 16, 26, 36, 46, 56, 66),7)
(5,15,Set(5, 15),1)
(5,51,Set(5, 4, 14, 24, 23, 33, 43, 53, 52, 51),9)
(5,6,Set(5, 6),1)
(5,24,Set(5, 4, 14, 24),3)
(5,33,Set(5, 4, 14, 24, 23, 33),5)
(6,92,Set(6, 5, 4, 14, 24, 23, 33, 43, 53, 63, 73, 83, 93, 92),13)
(6,83,Set(6, 5, 4, 14, 24, 23, 33, 43, 53, 63, 73, 83),11)
(6,95,Set(6, 5, 15, 25, 35, 45, 55, 65, 75, 85, 95),10)
(6,23,Set(6, 5, 4, 14, 24, 23),5)
(6,86,Set(6, 16, 26, 36, 46, 56, 66, 76, 86),8)
(6,77,Set(6, 7, 17, 27, 37, 47, 57, 67, 77),8)
(6,41,Set(6, 5, 4, 14, 24, 23, 33, 32, 31, 41),9)
(6,59,Set(6, 7, 17, 18, 28, 29, 39, 49, 59),8)
(6,50,Set(6, 7, 17, 18, 28, 29, 39, 40, 50),8)
(6,32,Set(6, 5, 4, 14, 24, 23, 33, 32),7)
(6,53,Set(6, 5, 4, 14, 24, 23, 33, 43, 53),8)
(6,35,Set(6, 5, 15, 25, 35),4)
(6,17,Set(6, 7, 17),2)
(6,44,Set(6, 5, 4, 14, 24, 34, 44),6)
(6,26,Set(6, 16, 26),2)
(6,89,Set(6, 7, 17, 18, 28, 29, 39, 49, 59, 69, 79, 89),11)
(6,80,Set(6, 7, 17, 18, 28, 29, 39, 40, 50, 60, 70, 80),11)
(6,71,Set(6, 5, 4, 14, 24, 23, 33, 43, 53, 52, 51, 61, 71),12)
(6,98,Set(6, 7, 17, 27, 37, 47, 57, 67, 77, 87, 97, 98),11)
(6,11,Set(6, 5, 4, 14, 13, 12, 11),6)
(6,74,Set(6, 5, 4, 14, 24, 34, 44, 54, 64, 74),9)
(6,56,Set(6, 16, 26, 36, 46, 56),5)
(6,38,Set(6, 7, 17, 18, 28, 38),5)
(6,47,Set(6, 7, 17, 27, 37, 47),5)
(6,29,Set(6, 7, 17, 18, 28, 29),5)
(6,20,Set(6, 7, 17, 18, 19, 20),5)
(6,65,Set(6, 5, 15, 25, 35, 45, 55, 65),7)
(6,5,Set(6, 5),1)
(6,14,Set(6, 5, 4, 14),3)
(6,46,Set(6, 16, 26, 36, 46),4)
(6,100,Set(6, 7, 17, 18, 28, 29, 39, 40, 50, 60, 70, 80, 90, 100),13)
(6,91,Set(6, 5, 4, 14, 24, 23, 33, 43, 53, 52, 51, 61, 71, 81, 91),14)
(6,73,Set(6, 5, 4, 14, 24, 23, 33, 43, 53, 63, 73),10)
(6,64,Set(6, 5, 4, 14, 24, 34, 44, 54, 64),8)
(6,55,Set(6, 5, 15, 25, 35, 45, 55),6)
(6,94,Set(6, 5, 4, 14, 24, 34, 44, 54, 64, 74, 84, 94),11)
(6,85,Set(6, 5, 15, 25, 35, 45, 55, 65, 75, 85),9)
(6,67,Set(6, 7, 17, 27, 37, 47, 57, 67),7)
(6,58,Set(6, 7, 17, 27, 37, 47, 57, 58),7)
(6,49,Set(6, 7, 17, 18, 28, 29, 39, 49),7)
(6,40,Set(6, 7, 17, 18, 28, 29, 39, 40),7)
(6,13,Set(6, 5, 4, 14, 13),4)
(6,4,Set(6, 5, 4),2)
(6,31,Set(6, 5, 4, 14, 24, 23, 33, 32, 31),8)
(6,76,Set(6, 16, 26, 36, 46, 56, 66, 76),7)
(6,97,Set(6, 7, 17, 27, 37, 47, 57, 67, 77, 87, 97),10)
(6,16,Set(6, 16),1)
(6,79,Set(6, 7, 17, 18, 28, 29, 39, 49, 59, 69, 79),10)
(6,7,Set(6, 7),1)
(6,70,Set(6, 7, 17, 18, 28, 29, 39, 40, 50, 60, 70),10)
(6,52,Set(6, 5, 4, 14, 24, 23, 33, 43, 53, 52),9)
(6,43,Set(6, 5, 4, 14, 24, 23, 33, 43),7)
(6,25,Set(6, 5, 15, 25),3)
(6,34,Set(6, 5, 4, 14, 24, 34),5)
(6,61,Set(6, 5, 4, 14, 24, 23, 33, 43, 53, 52, 51, 61),11)
(6,10,Set(6, 7, 17, 18, 19, 20, 10),6)
(6,37,Set(6, 7, 17, 27, 37),4)
(6,1,Set(6, 5, 4, 14, 13, 12, 11, 1),7)
(6,19,Set(6, 7, 17, 18, 19),4)
(6,28,Set(6, 7, 17, 18, 28),4)
(6,60,Set(6, 7, 17, 18, 28, 29, 39, 40, 50, 60),9)
(6,87,Set(6, 7, 17, 27, 37, 47, 57, 67, 77, 87),9)
(6,96,Set(6, 16, 26, 36, 46, 56, 66, 76, 86, 96),9)
(6,78,Set(6, 7, 17, 27, 37, 47, 57, 67, 77, 78),9)
(6,69,Set(6, 7, 17, 18, 28, 29, 39, 49, 59, 69),9)
(6,99,Set(6, 7, 17, 18, 28, 29, 39, 49, 59, 69, 79, 89, 99),12)
(6,90,Set(6, 7, 17, 18, 28, 29, 39, 40, 50, 60, 70, 80, 90),12)
(6,63,Set(6, 5, 4, 14, 24, 23, 33, 43, 53, 63),9)
(6,45,Set(6, 5, 15, 25, 35, 45),5)
(6,54,Set(6, 5, 4, 14, 24, 34, 44, 54),7)
(6,81,Set(6, 5, 4, 14, 24, 23, 33, 43, 53, 52, 51, 61, 71, 81),13)
(6,72,Set(6, 5, 4, 14, 24, 23, 33, 43, 53, 63, 73, 72),11)
(6,27,Set(6, 7, 17, 27),3)
(6,36,Set(6, 16, 26, 36),3)
(6,18,Set(6, 7, 17, 18),3)
(6,9,Set(6, 7, 17, 18, 19, 9),5)
(6,57,Set(6, 7, 17, 27, 37, 47, 57),6)
(6,21,Set(6, 5, 4, 14, 13, 12, 11, 21),7)
(6,84,Set(6, 5, 4, 14, 24, 34, 44, 54, 64, 74, 84),10)
(6,12,Set(6, 5, 4, 14, 13, 12),5)
(6,3,Set(6, 5, 4, 3),3)
(6,93,Set(6, 5, 4, 14, 24, 23, 33, 43, 53, 63, 73, 83, 93),12)
(6,75,Set(6, 5, 15, 25, 35, 45, 55, 65, 75),8)
(6,30,Set(6, 7, 17, 18, 28, 29, 30),6)
(6,39,Set(6, 7, 17, 18, 28, 29, 39),6)
(6,66,Set(6, 16, 26, 36, 46, 56, 66),6)
(6,15,Set(6, 5, 15),2)
(6,51,Set(6, 5, 4, 14, 24, 23, 33, 43, 53, 52, 51),10)
(6,24,Set(6, 5, 4, 14, 24),4)
(6,33,Set(6, 5, 4, 14, 24, 23, 33),6)
(7,92,Set(7, 6, 5, 4, 14, 24, 23, 33, 43, 53, 63, 73, 83, 93, 92),14)
(7,83,Set(7, 6, 5, 4, 14, 24, 23, 33, 43, 53, 63, 73, 83),12)
(7,95,Set(7, 6, 5, 15, 25, 35, 45, 55, 65, 75, 85, 95),11)
(7,23,Set(7, 6, 5, 4, 14, 24, 23),6)
(7,86,Set(7, 6, 16, 26, 36, 46, 56, 66, 76, 86),9)
(7,77,Set(7, 17, 27, 37, 47, 57, 67, 77),7)
(7,41,Set(7, 6, 5, 4, 14, 24, 23, 33, 32, 31, 41),10)
(7,32,Set(7, 6, 5, 4, 14, 24, 23, 33, 32),8)
(7,50,Set(7, 17, 18, 28, 29, 39, 40, 50),7)
(7,59,Set(7, 17, 18, 28, 29, 39, 49, 59),7)
(7,53,Set(7, 6, 5, 4, 14, 24, 23, 33, 43, 53),9)
(7,35,Set(7, 6, 5, 15, 25, 35),5)
(7,17,Set(7, 17),1)
(7,44,Set(7, 6, 5, 4, 14, 24, 34, 44),7)
(7,26,Set(7, 6, 16, 26),3)
(7,89,Set(7, 17, 18, 28, 29, 39, 49, 59, 69, 79, 89),10)
(7,80,Set(7, 17, 18, 28, 29, 39, 40, 50, 60, 70, 80),10)
(7,71,Set(7, 6, 5, 4, 14, 24, 23, 33, 43, 53, 52, 51, 61, 71),13)
(7,98,Set(7, 17, 27, 37, 47, 57, 67, 77, 87, 97, 98),10)
(7,11,Set(7, 6, 5, 4, 14, 13, 12, 11),7)
(7,74,Set(7, 6, 5, 4, 14, 24, 34, 44, 54, 64, 74),10)
(7,56,Set(7, 6, 16, 26, 36, 46, 56),6)
(7,29,Set(7, 17, 18, 28, 29),4)
(7,47,Set(7, 17, 27, 37, 47),4)
(7,38,Set(7, 17, 18, 28, 38),4)
(7,20,Set(7, 17, 18, 19, 20),4)
(7,65,Set(7, 6, 5, 15, 25, 35, 45, 55, 65),8)
(7,5,Set(7, 6, 5),2)
(7,14,Set(7, 6, 5, 4, 14),4)
(7,46,Set(7, 6, 16, 26, 36, 46),5)
(7,100,Set(7, 17, 18, 28, 29, 39, 40, 50, 60, 70, 80, 90, 100),12)
(7,91,Set(7, 6, 5, 4, 14, 24, 23, 33, 43, 53, 52, 51, 61, 71, 81, 91),15)
(7,73,Set(7, 6, 5, 4, 14, 24, 23, 33, 43, 53, 63, 73),11)
(7,64,Set(7, 6, 5, 4, 14, 24, 34, 44, 54, 64),9)
(7,55,Set(7, 6, 5, 15, 25, 35, 45, 55),7)
(7,94,Set(7, 6, 5, 4, 14, 24, 34, 44, 54, 64, 74, 84, 94),12)
(7,85,Set(7, 6, 5, 15, 25, 35, 45, 55, 65, 75, 85),10)
(7,67,Set(7, 17, 27, 37, 47, 57, 67),6)
(7,58,Set(7, 17, 27, 37, 47, 57, 58),6)
(7,49,Set(7, 17, 18, 28, 29, 39, 49),6)
(7,40,Set(7, 17, 18, 28, 29, 39, 40),6)
(7,4,Set(7, 6, 5, 4),3)
(7,13,Set(7, 6, 5, 4, 14, 13),5)
(7,31,Set(7, 6, 5, 4, 14, 24, 23, 33, 32, 31),9)
(7,76,Set(7, 6, 16, 26, 36, 46, 56, 66, 76),8)
(7,97,Set(7, 17, 27, 37, 47, 57, 67, 77, 87, 97),9)
(7,16,Set(7, 6, 16),2)
(7,79,Set(7, 17, 18, 28, 29, 39, 49, 59, 69, 79),9)
(7,52,Set(7, 6, 5, 4, 14, 24, 23, 33, 43, 53, 52),10)
(7,70,Set(7, 17, 18, 28, 29, 39, 40, 50, 60, 70),9)
(7,43,Set(7, 6, 5, 4, 14, 24, 23, 33, 43),8)
(7,25,Set(7, 6, 5, 15, 25),4)
(7,34,Set(7, 6, 5, 4, 14, 24, 34),6)
(7,61,Set(7, 6, 5, 4, 14, 24, 23, 33, 43, 53, 52, 51, 61),12)
(7,10,Set(7, 17, 18, 19, 20, 10),5)
(7,37,Set(7, 17, 27, 37),3)
(7,1,Set(7, 6, 5, 4, 14, 13, 12, 11, 1),8)
(7,28,Set(7, 17, 18, 28),3)
(7,19,Set(7, 17, 18, 19),3)
(7,60,Set(7, 17, 18, 28, 29, 39, 40, 50, 60),8)
(7,87,Set(7, 17, 27, 37, 47, 57, 67, 77, 87),8)
(7,96,Set(7, 6, 16, 26, 36, 46, 56, 66, 76, 86, 96),10)
(7,78,Set(7, 17, 27, 37, 47, 57, 67, 77, 78),8)
(7,69,Set(7, 17, 18, 28, 29, 39, 49, 59, 69),8)
(7,99,Set(7, 17, 18, 28, 29, 39, 49, 59, 69, 79, 89, 99),11)
(7,90,Set(7, 17, 18, 28, 29, 39, 40, 50, 60, 70, 80, 90),11)
(7,63,Set(7, 6, 5, 4, 14, 24, 23, 33, 43, 53, 63),10)
(7,45,Set(7, 6, 5, 15, 25, 35, 45),6)
(7,54,Set(7, 6, 5, 4, 14, 24, 34, 44, 54),8)
(7,81,Set(7, 6, 5, 4, 14, 24, 23, 33, 43, 53, 52, 51, 61, 71, 81),14)
(7,72,Set(7, 6, 5, 4, 14, 24, 23, 33, 43, 53, 63, 73, 72),12)
(7,36,Set(7, 6, 16, 26, 36),4)
(7,27,Set(7, 17, 27),2)
(7,9,Set(7, 17, 18, 19, 9),4)
(7,18,Set(7, 17, 18),2)
(7,21,Set(7, 6, 5, 4, 14, 13, 12, 11, 21),8)
(7,57,Set(7, 17, 27, 37, 47, 57),5)
(7,84,Set(7, 6, 5, 4, 14, 24, 34, 44, 54, 64, 74, 84),11)
(7,3,Set(7, 6, 5, 4, 3),4)
(7,12,Set(7, 6, 5, 4, 14, 13, 12),6)
(7,93,Set(7, 6, 5, 4, 14, 24, 23, 33, 43, 53, 63, 73, 83, 93),13)
(7,75,Set(7, 6, 5, 15, 25, 35, 45, 55, 65, 75),9)
(7,30,Set(7, 17, 18, 28, 29, 30),5)
(7,39,Set(7, 17, 18, 28, 29, 39),5)
(7,66,Set(7, 6, 16, 26, 36, 46, 56, 66),7)
(7,15,Set(7, 6, 5, 15),3)
(7,51,Set(7, 6, 5, 4, 14, 24, 23, 33, 43, 53, 52, 51),11)
(7,6,Set(7, 6),1)
(7,24,Set(7, 6, 5, 4, 14, 24),5)
(7,33,Set(7, 6, 5, 4, 14, 24, 23, 33),7)
(9,92,Set(9, 19, 29, 28, 38, 37, 47, 57, 56, 55, 65, 75, 74, 73, 83, 93, 92),16)
(9,83,Set(9, 19, 29, 28, 38, 37, 47, 57, 56, 55, 65, 75, 74, 73, 83),14)
(9,95,Set(9, 19, 29, 28, 38, 37, 47, 57, 56, 55, 65, 75, 85, 95),13)
(9,23,Set(9, 19, 29, 28, 27, 26, 25, 24, 23),8)
(9,86,Set(9, 19, 29, 28, 38, 37, 47, 57, 56, 66, 76, 86),11)
(9,77,Set(9, 19, 29, 28, 38, 37, 47, 57, 67, 77),9)
(9,41,Set(9, 19, 29, 28, 38, 37, 36, 35, 34, 33, 32, 31, 41),12)
(9,32,Set(9, 19, 29, 28, 38, 37, 36, 35, 34, 33, 32),10)
(9,59,Set(9, 19, 29, 39, 49, 59),5)
(9,50,Set(9, 10, 20, 30, 40, 50),5)
(9,53,Set(9, 19, 29, 28, 38, 37, 47, 57, 56, 55, 54, 53),11)
(9,44,Set(9, 19, 29, 28, 38, 37, 47, 46, 45, 44),9)
(9,17,Set(9, 19, 18, 17),3)
(9,35,Set(9, 19, 29, 28, 38, 37, 36, 35),7)
(9,26,Set(9, 19, 29, 28, 27, 26),5)
(9,80,Set(9, 10, 20, 30, 40, 50, 60, 70, 80),8)
(9,89,Set(9, 19, 29, 39, 49, 59, 69, 79, 89),8)
(9,71,Set(9, 19, 29, 28, 38, 37, 47, 57, 56, 55, 65, 75, 74, 73, 72, 71),15)
(9,98,Set(9, 19, 29, 39, 49, 59, 69, 79, 89, 99, 98),10)
(9,11,Set(9, 19, 18, 17, 16, 15, 14, 13, 12, 11),9)
(9,74,Set(9, 19, 29, 28, 38, 37, 47, 57, 56, 55, 65, 75, 74),12)
(9,56,Set(9, 19, 29, 28, 38, 37, 47, 57, 56),8)
(9,47,Set(9, 19, 29, 28, 38, 37, 47),6)
(9,38,Set(9, 19, 29, 28, 38),4)
(9,29,Set(9, 19, 29),2)
(9,20,Set(9, 10, 20),2)
(9,65,Set(9, 19, 29, 28, 38, 37, 47, 57, 56, 55, 65),10)
(9,5,Set(9, 19, 18, 17, 7, 6, 5),6)
(9,14,Set(9, 19, 18, 17, 16, 15, 14),6)
(9,46,Set(9, 19, 29, 28, 38, 37, 47, 46),7)
(9,100,Set(9, 10, 20, 30, 40, 50, 60, 70, 80, 90, 100),10)
(9,91,Set(9, 19, 29, 28, 38, 37, 47, 57, 56, 55, 65, 75, 74, 73, 72, 71, 81, 91),17)
(9,73,Set(9, 19, 29, 28, 38, 37, 47, 57, 56, 55, 65, 75, 74, 73),13)
(9,64,Set(9, 19, 29, 28, 38, 37, 47, 57, 56, 55, 65, 64),11)
(9,55,Set(9, 19, 29, 28, 38, 37, 47, 57, 56, 55),9)
(9,94,Set(9, 19, 29, 28, 38, 37, 47, 57, 56, 55, 65, 75, 74, 84, 94),14)
(9,85,Set(9, 19, 29, 28, 38, 37, 47, 57, 56, 55, 65, 75, 85),12)
(9,58,Set(9, 19, 29, 39, 49, 59, 58),6)
(9,67,Set(9, 19, 29, 28, 38, 37, 47, 57, 67),8)
(9,49,Set(9, 19, 29, 39, 49),4)
(9,40,Set(9, 10, 20, 30, 40),4)
(9,4,Set(9, 19, 18, 17, 7, 6, 5, 4),7)
(9,13,Set(9, 19, 18, 17, 16, 15, 14, 13),7)
(9,31,Set(9, 19, 29, 28, 38, 37, 36, 35, 34, 33, 32, 31),11)
(9,76,Set(9, 19, 29, 28, 38, 37, 47, 57, 56, 66, 76),10)
(9,97,Set(9, 19, 29, 28, 38, 37, 47, 57, 67, 77, 87, 97),11)
(9,16,Set(9, 19, 18, 17, 16),4)
(9,7,Set(9, 19, 18, 17, 7),4)
(9,79,Set(9, 19, 29, 39, 49, 59, 69, 79),7)
(9,52,Set(9, 19, 29, 28, 38, 37, 47, 57, 56, 55, 54, 53, 52),12)
(9,43,Set(9, 19, 29, 28, 38, 37, 47, 46, 45, 44, 43),10)
(9,70,Set(9, 10, 20, 30, 40, 50, 60, 70),7)
(9,25,Set(9, 19, 29, 28, 27, 26, 25),6)
(9,34,Set(9, 19, 29, 28, 38, 37, 36, 35, 34),8)
(9,61,Set(9, 19, 29, 28, 38, 37, 47, 57, 56, 55, 54, 53, 52, 51, 61),14)
(9,10,Set(9, 10),1)
(9,37,Set(9, 19, 29, 28, 38, 37),5)
(9,1,Set(9, 19, 18, 17, 16, 15, 14, 13, 12, 11, 1),10)
(9,19,Set(9, 19),1)
(9,28,Set(9, 19, 29, 28),3)
(9,60,Set(9, 10, 20, 30, 40, 50, 60),6)
(9,87,Set(9, 19, 29, 28, 38, 37, 47, 57, 67, 77, 87),10)
(9,96,Set(9, 19, 29, 28, 38, 37, 47, 57, 56, 66, 76, 86, 96),12)
(9,69,Set(9, 19, 29, 39, 49, 59, 69),6)
(9,78,Set(9, 19, 29, 39, 49, 59, 69, 79, 78),8)
(9,63,Set(9, 19, 29, 28, 38, 37, 47, 57, 56, 55, 65, 64, 63),12)
(9,99,Set(9, 19, 29, 39, 49, 59, 69, 79, 89, 99),9)
(9,90,Set(9, 10, 20, 30, 40, 50, 60, 70, 80, 90),9)
(9,54,Set(9, 19, 29, 28, 38, 37, 47, 57, 56, 55, 54),10)
(9,45,Set(9, 19, 29, 28, 38, 37, 47, 46, 45),8)
(9,81,Set(9, 19, 29, 28, 38, 37, 47, 57, 56, 55, 65, 75, 74, 73, 72, 71, 81),16)
(9,72,Set(9, 19, 29, 28, 38, 37, 47, 57, 56, 55, 65, 75, 74, 73, 72),14)
(9,36,Set(9, 19, 29, 28, 38, 37, 36),6)
(9,27,Set(9, 19, 29, 28, 27),4)
(9,18,Set(9, 19, 18),2)
(9,21,Set(9, 19, 18, 17, 16, 15, 14, 13, 12, 11, 21),10)
(9,57,Set(9, 19, 29, 28, 38, 37, 47, 57),7)
(9,84,Set(9, 19, 29, 28, 38, 37, 47, 57, 56, 55, 65, 75, 74, 84),13)
(9,3,Set(9, 19, 18, 17, 7, 6, 5, 4, 3),8)
(9,12,Set(9, 19, 18, 17, 16, 15, 14, 13, 12),8)
(9,93,Set(9, 19, 29, 28, 38, 37, 47, 57, 56, 55, 65, 75, 74, 73, 83, 93),15)
(9,75,Set(9, 19, 29, 28, 38, 37, 47, 57, 56, 55, 65, 75),11)
(9,30,Set(9, 10, 20, 30),3)
(9,39,Set(9, 19, 29, 39),3)
(9,66,Set(9, 19, 29, 28, 38, 37, 47, 57, 56, 66),9)
(9,15,Set(9, 19, 18, 17, 16, 15),5)
(9,51,Set(9, 19, 29, 28, 38, 37, 47, 57, 56, 55, 54, 53, 52, 51),13)
(9,33,Set(9, 19, 29, 28, 38, 37, 36, 35, 34, 33),9)
(9,6,Set(9, 19, 18, 17, 7, 6),5)
(9,24,Set(9, 19, 29, 28, 27, 26, 25, 24),7)
(10,92,Set(10, 20, 19, 29, 28, 38, 37, 47, 57, 56, 55, 65, 75, 74, 73, 83, 93, 92),17)
(10,83,Set(10, 20, 19, 29, 28, 38, 37, 47, 57, 56, 55, 65, 75, 74, 73, 83),15)
(10,95,Set(10, 20, 19, 29, 28, 38, 37, 47, 57, 56, 55, 65, 75, 85, 95),14)
(10,23,Set(10, 20, 19, 29, 28, 27, 26, 25, 24, 23),9)
(10,86,Set(10, 20, 19, 29, 28, 38, 37, 47, 57, 56, 66, 76, 86),12)
(10,77,Set(10, 20, 19, 29, 28, 38, 37, 47, 57, 67, 77),10)
(10,41,Set(10, 20, 19, 29, 28, 38, 37, 36, 35, 34, 33, 32, 31, 41),13)
(10,32,Set(10, 20, 19, 29, 28, 38, 37, 36, 35, 34, 33, 32),11)
(10,59,Set(10, 20, 19, 29, 39, 49, 59),6)
(10,50,Set(10, 20, 30, 40, 50),4)
(10,53,Set(10, 20, 19, 29, 28, 38, 37, 47, 57, 56, 55, 54, 53),12)
(10,44,Set(10, 20, 19, 29, 28, 38, 37, 47, 46, 45, 44),10)
(10,17,Set(10, 20, 19, 18, 17),4)
(10,35,Set(10, 20, 19, 29, 28, 38, 37, 36, 35),8)
(10,26,Set(10, 20, 19, 29, 28, 27, 26),6)
(10,80,Set(10, 20, 30, 40, 50, 60, 70, 80),7)
(10,89,Set(10, 20, 19, 29, 39, 49, 59, 69, 79, 89),9)
(10,71,Set(10, 20, 19, 29, 28, 38, 37, 47, 57, 56, 55, 65, 75, 74, 73, 72, 71),16)
(10,98,Set(10, 20, 19, 29, 39, 49, 59, 69, 79, 89, 99, 98),11)
(10,11,Set(10, 20, 19, 18, 17, 16, 15, 14, 13, 12, 11),10)
(10,74,Set(10, 20, 19, 29, 28, 38, 37, 47, 57, 56, 55, 65, 75, 74),13)
(10,56,Set(10, 20, 19, 29, 28, 38, 37, 47, 57, 56),9)
(10,47,Set(10, 20, 19, 29, 28, 38, 37, 47),7)
(10,38,Set(10, 20, 19, 29, 28, 38),5)
(10,29,Set(10, 20, 19, 29),3)
(10,20,Set(10, 20),1)
(10,65,Set(10, 20, 19, 29, 28, 38, 37, 47, 57, 56, 55, 65),11)
(10,5,Set(10, 20, 19, 18, 17, 7, 6, 5),7)
(10,14,Set(10, 20, 19, 18, 17, 16, 15, 14),7)
(10,46,Set(10, 20, 19, 29, 28, 38, 37, 47, 46),8)
(10,100,Set(10, 20, 30, 40, 50, 60, 70, 80, 90, 100),9)
(10,91,Set(10, 20, 19, 29, 28, 38, 37, 47, 57, 56, 55, 65, 75, 74, 73, 72, 71, 81, 91),18)
(10,73,Set(10, 20, 19, 29, 28, 38, 37, 47, 57, 56, 55, 65, 75, 74, 73),14)
(10,64,Set(10, 20, 19, 29, 28, 38, 37, 47, 57, 56, 55, 65, 64),12)
(10,55,Set(10, 20, 19, 29, 28, 38, 37, 47, 57, 56, 55),10)
(10,94,Set(10, 20, 19, 29, 28, 38, 37, 47, 57, 56, 55, 65, 75, 74, 84, 94),15)
(10,85,Set(10, 20, 19, 29, 28, 38, 37, 47, 57, 56, 55, 65, 75, 85),13)
(10,58,Set(10, 20, 19, 29, 39, 49, 59, 58),7)
(10,67,Set(10, 20, 19, 29, 28, 38, 37, 47, 57, 67),9)
(10,49,Set(10, 20, 19, 29, 39, 49),5)
(10,40,Set(10, 20, 30, 40),3)
(10,4,Set(10, 20, 19, 18, 17, 7, 6, 5, 4),8)
(10,13,Set(10, 20, 19, 18, 17, 16, 15, 14, 13),8)
(10,31,Set(10, 20, 19, 29, 28, 38, 37, 36, 35, 34, 33, 32, 31),12)
(10,76,Set(10, 20, 19, 29, 28, 38, 37, 47, 57, 56, 66, 76),11)
(10,97,Set(10, 20, 19, 29, 28, 38, 37, 47, 57, 67, 77, 87, 97),12)
(10,16,Set(10, 20, 19, 18, 17, 16),5)
(10,7,Set(10, 20, 19, 18, 17, 7),5)
(10,79,Set(10, 20, 19, 29, 39, 49, 59, 69, 79),8)
(10,52,Set(10, 20, 19, 29, 28, 38, 37, 47, 57, 56, 55, 54, 53, 52),13)
(10,43,Set(10, 20, 19, 29, 28, 38, 37, 47, 46, 45, 44, 43),11)
(10,70,Set(10, 20, 30, 40, 50, 60, 70),6)
(10,25,Set(10, 20, 19, 29, 28, 27, 26, 25),7)
(10,34,Set(10, 20, 19, 29, 28, 38, 37, 36, 35, 34),9)
(10,61,Set(10, 20, 19, 29, 28, 38, 37, 47, 57, 56, 55, 54, 53, 52, 51, 61),15)
(10,37,Set(10, 20, 19, 29, 28, 38, 37),6)
(10,1,Set(10, 20, 19, 18, 17, 16, 15, 14, 13, 12, 11, 1),11)
(10,19,Set(10, 20, 19),2)
(10,28,Set(10, 20, 19, 29, 28),4)
(10,60,Set(10, 20, 30, 40, 50, 60),5)
(10,87,Set(10, 20, 19, 29, 28, 38, 37, 47, 57, 67, 77, 87),11)
(10,96,Set(10, 20, 19, 29, 28, 38, 37, 47, 57, 56, 66, 76, 86, 96),13)
(10,69,Set(10, 20, 19, 29, 39, 49, 59, 69),7)
(10,78,Set(10, 20, 19, 29, 39, 49, 59, 69, 79, 78),9)
(10,63,Set(10, 20, 19, 29, 28, 38, 37, 47, 57, 56, 55, 65, 64, 63),13)
(10,99,Set(10, 20, 19, 29, 39, 49, 59, 69, 79, 89, 99),10)
(10,90,Set(10, 20, 30, 40, 50, 60, 70, 80, 90),8)
(10,54,Set(10, 20, 19, 29, 28, 38, 37, 47, 57, 56, 55, 54),11)
(10,45,Set(10, 20, 19, 29, 28, 38, 37, 47, 46, 45),9)
(10,81,Set(10, 20, 19, 29, 28, 38, 37, 47, 57, 56, 55, 65, 75, 74, 73, 72, 71, 81),17)
(10,72,Set(10, 20, 19, 29, 28, 38, 37, 47, 57, 56, 55, 65, 75, 74, 73, 72),15)
(10,36,Set(10, 20, 19, 29, 28, 38, 37, 36),7)
(10,27,Set(10, 20, 19, 29, 28, 27),5)
(10,9,Set(10, 9),1)
(10,18,Set(10, 20, 19, 18),3)
(10,21,Set(10, 20, 19, 18, 17, 16, 15, 14, 13, 12, 11, 21),11)
(10,57,Set(10, 20, 19, 29, 28, 38, 37, 47, 57),8)
(10,84,Set(10, 20, 19, 29, 28, 38, 37, 47, 57, 56, 55, 65, 75, 74, 84),14)
(10,3,Set(10, 20, 19, 18, 17, 7, 6, 5, 4, 3),9)
(10,12,Set(10, 20, 19, 18, 17, 16, 15, 14, 13, 12),9)
(10,93,Set(10, 20, 19, 29, 28, 38, 37, 47, 57, 56, 55, 65, 75, 74, 73, 83, 93),16)
(10,75,Set(10, 20, 19, 29, 28, 38, 37, 47, 57, 56, 55, 65, 75),12)
(10,30,Set(10, 20, 30),2)
(10,39,Set(10, 20, 19, 29, 39),4)
(10,66,Set(10, 20, 19, 29, 28, 38, 37, 47, 57, 56, 66),10)
(10,15,Set(10, 20, 19, 18, 17, 16, 15),6)
(10,51,Set(10, 20, 19, 29, 28, 38, 37, 47, 57, 56, 55, 54, 53, 52, 51),14)
(10,33,Set(10, 20, 19, 29, 28, 38, 37, 36, 35, 34, 33),10)
(10,6,Set(10, 20, 19, 18, 17, 7, 6),6)
(10,24,Set(10, 20, 19, 29, 28, 27, 26, 25, 24),8)
(11,92,Set(11, 21, 31, 41, 51, 61, 71, 81, 91, 92),9)
(11,83,Set(11, 21, 31, 41, 51, 61, 71, 72, 73, 83),9)
(11,95,Set(11, 21, 31, 41, 51, 61, 71, 72, 73, 83, 93, 94, 95),12)
(11,23,Set(11, 12, 13, 23),3)
(11,86,Set(11, 21, 31, 41, 51, 61, 71, 72, 73, 83, 84, 85, 86),12)
(11,77,Set(11, 21, 31, 41, 51, 61, 71, 72, 73, 74, 75, 76, 77),12)
(11,59,Set(11, 21, 31, 41, 51, 52, 53, 54, 55, 56, 57, 58, 59),12)
(11,50,Set(11, 21, 31, 32, 33, 34, 35, 36, 37, 38, 39, 40, 50),12)
(11,32,Set(11, 21, 31, 32),3)
(11,41,Set(11, 21, 31, 41),3)
(11,53,Set(11, 21, 31, 41, 51, 52, 53),6)
(11,17,Set(11, 12, 13, 14, 15, 16, 17),6)
(11,35,Set(11, 21, 31, 32, 33, 34, 35),6)
(11,44,Set(11, 21, 31, 32, 33, 43, 44),6)
(11,26,Set(11, 12, 13, 23, 24, 25, 26),6)
(11,89,Set(11, 21, 31, 41, 51, 61, 71, 72, 73, 74, 75, 76, 77, 78, 79, 89),15)
(11,80,Set(11, 21, 31, 41, 51, 61, 71, 72, 73, 74, 75, 76, 77, 78, 79, 80),15)
(11,98,Set(11, 21, 31, 41, 51, 61, 71, 72, 73, 83, 93, 94, 95, 96, 97, 98),15)
(11,71,Set(11, 21, 31, 41, 51, 61, 71),6)
(11,74,Set(11, 21, 31, 41, 51, 61, 71, 72, 73, 74),9)
(11,56,Set(11, 21, 31, 41, 51, 52, 53, 54, 55, 56),9)
(11,38,Set(11, 21, 31, 32, 33, 34, 35, 36, 37, 38),9)
(11,47,Set(11, 21, 31, 32, 33, 43, 44, 45, 46, 47),9)
(11,29,Set(11, 12, 13, 23, 24, 25, 26, 27, 28, 29),9)
(11,20,Set(11, 12, 13, 14, 15, 16, 17, 18, 19, 20),9)
(11,65,Set(11, 21, 31, 41, 51, 52, 53, 54, 55, 65),9)
(11,5,Set(11, 12, 13, 14, 4, 5),5)
(11,14,Set(11, 12, 13, 14),3)
(11,46,Set(11, 21, 31, 32, 33, 43, 44, 45, 46),8)
(11,100,Set(11, 21, 31, 41, 51, 61, 71, 72, 73, 83, 93, 94, 95, 96, 97, 98, 99, 100),17)
(11,91,Set(11, 21, 31, 41, 51, 61, 71, 81, 91),8)
(11,55,Set(11, 21, 31, 41, 51, 52, 53, 54, 55),8)
(11,64,Set(11, 21, 31, 41, 51, 52, 53, 54, 64),8)
(11,73,Set(11, 21, 31, 41, 51, 61, 71, 72, 73),8)
(11,94,Set(11, 21, 31, 41, 51, 61, 71, 72, 73, 83, 93, 94),11)
(11,85,Set(11, 21, 31, 41, 51, 61, 71, 72, 73, 83, 84, 85),11)
(11,58,Set(11, 21, 31, 41, 51, 52, 53, 54, 55, 56, 57, 58),11)
(11,67,Set(11, 21, 31, 41, 51, 52, 53, 54, 55, 65, 66, 67),11)
(11,40,Set(11, 21, 31, 32, 33, 34, 35, 36, 37, 38, 39, 40),11)
(11,49,Set(11, 21, 31, 32, 33, 34, 35, 36, 37, 38, 39, 49),11)
(11,13,Set(11, 12, 13),2)
(11,4,Set(11, 12, 13, 14, 4),4)
(11,76,Set(11, 21, 31, 41, 51, 61, 71, 72, 73, 74, 75, 76),11)
(11,31,Set(11, 21, 31),2)
(11,97,Set(11, 21, 31, 41, 51, 61, 71, 72, 73, 83, 93, 94, 95, 96, 97),14)
(11,16,Set(11, 12, 13, 14, 15, 16),5)
(11,79,Set(11, 21, 31, 41, 51, 61, 71, 72, 73, 74, 75, 76, 77, 78, 79),14)
(11,7,Set(11, 12, 13, 14, 4, 5, 6, 7),7)
(11,70,Set(11, 21, 31, 41, 51, 52, 53, 54, 55, 56, 57, 58, 59, 69, 70),14)
(11,52,Set(11, 21, 31, 41, 51, 52),5)
(11,43,Set(11, 21, 31, 32, 33, 43),5)
(11,25,Set(11, 12, 13, 23, 24, 25),5)
(11,34,Set(11, 21, 31, 32, 33, 34),5)
(11,61,Set(11, 21, 31, 41, 51, 61),5)
(11,10,Set(11, 12, 13, 14, 15, 16, 17, 18, 19, 20, 10),10)
(11,37,Set(11, 21, 31, 32, 33, 34, 35, 36, 37),8)
(11,1,Set(11, 1),1)
(11,28,Set(11, 12, 13, 23, 24, 25, 26, 27, 28),8)
(11,19,Set(11, 12, 13, 14, 15, 16, 17, 18, 19),8)
(11,60,Set(11, 21, 31, 41, 51, 52, 53, 54, 55, 56, 57, 58, 59, 60),13)
(11,87,Set(11, 21, 31, 41, 51, 61, 71, 72, 73, 83, 84, 85, 86, 87),13)
(11,96,Set(11, 21, 31, 41, 51, 61, 71, 72, 73, 83, 93, 94, 95, 96),13)
(11,78,Set(11, 21, 31, 41, 51, 61, 71, 72, 73, 74, 75, 76, 77, 78),13)
(11,69,Set(11, 21, 31, 41, 51, 52, 53, 54, 55, 56, 57, 58, 59, 69),13)
(11,99,Set(11, 21, 31, 41, 51, 61, 71, 72, 73, 83, 93, 94, 95, 96, 97, 98, 99),16)
(11,90,Set(11, 21, 31, 41, 51, 61, 71, 72, 73, 74, 75, 76, 77, 78, 79, 80, 90),16)
(11,63,Set(11, 21, 31, 41, 51, 52, 53, 63),7)
(11,45,Set(11, 21, 31, 32, 33, 43, 44, 45),7)
(11,54,Set(11, 21, 31, 41, 51, 52, 53, 54),7)
(11,81,Set(11, 21, 31, 41, 51, 61, 71, 81),7)
(11,72,Set(11, 21, 31, 41, 51, 61, 71, 72),7)
(11,27,Set(11, 12, 13, 23, 24, 25, 26, 27),7)
(11,36,Set(11, 21, 31, 32, 33, 34, 35, 36),7)
(11,9,Set(11, 12, 13, 14, 15, 16, 17, 18, 19, 9),9)
(11,18,Set(11, 12, 13, 14, 15, 16, 17, 18),7)
(11,57,Set(11, 21, 31, 41, 51, 52, 53, 54, 55, 56, 57),10)
(11,21,Set(11, 21),1)
(11,84,Set(11, 21, 31, 41, 51, 61, 71, 72, 73, 83, 84),10)
(11,12,Set(11, 12),1)
(11,3,Set(11, 12, 13, 3),3)
(11,93,Set(11, 21, 31, 41, 51, 61, 71, 72, 73, 83, 93),10)
(11,75,Set(11, 21, 31, 41, 51, 61, 71, 72, 73, 74, 75),10)
(11,30,Set(11, 12, 13, 23, 24, 25, 26, 27, 28, 29, 30),10)
(11,39,Set(11, 21, 31, 32, 33, 34, 35, 36, 37, 38, 39),10)
(11,66,Set(11, 21, 31, 41, 51, 52, 53, 54, 55, 65, 66),10)
(11,15,Set(11, 12, 13, 14, 15),4)
(11,51,Set(11, 21, 31, 41, 51),4)
(11,6,Set(11, 12, 13, 14, 4, 5, 6),6)
(11,33,Set(11, 21, 31, 32, 33),4)
(11,24,Set(11, 12, 13, 23, 24),4)
(12,92,Set(12, 11, 21, 31, 41, 51, 61, 71, 81, 91, 92),10)
(12,83,Set(12, 13, 23, 33, 43, 53, 63, 73, 83),8)
(12,95,Set(12, 13, 23, 24, 25, 35, 45, 55, 65, 75, 85, 95),11)
(12,23,Set(12, 13, 23),2)
(12,86,Set(12, 13, 23, 24, 25, 26, 36, 46, 56, 66, 76, 86),11)
(12,77,Set(12, 13, 23, 24, 25, 26, 36, 46, 47, 57, 67, 77),11)
(12,59,Set(12, 13, 23, 24, 25, 26, 36, 46, 47, 57, 58, 59),11)
(12,50,Set(12, 13, 23, 24, 25, 26, 36, 37, 38, 39, 40, 50),11)
(12,41,Set(12, 11, 21, 31, 41),4)
(12,32,Set(12, 11, 21, 31, 32),4)
(12,53,Set(12, 13, 23, 33, 43, 53),5)
(12,44,Set(12, 13, 23, 24, 34, 44),5)
(12,35,Set(12, 13, 23, 24, 25, 35),5)
(12,17,Set(12, 13, 14, 15, 16, 17),5)
(12,26,Set(12, 13, 23, 24, 25, 26),5)
(12,89,Set(12, 13, 23, 24, 25, 26, 36, 46, 47, 57, 58, 59, 69, 79, 89),14)
(12,80,Set(12, 13, 23, 24, 25, 26, 36, 46, 47, 57, 58, 59, 69, 79, 80),14)
(12,98,Set(12, 13, 23, 24, 25, 26, 36, 46, 47, 57, 67, 77, 87, 97, 98),14)
(12,71,Set(12, 11, 21, 31, 41, 51, 61, 71),7)
(12,11,Set(12, 11),1)
(12,74,Set(12, 13, 23, 24, 34, 44, 54, 64, 74),8)
(12,56,Set(12, 13, 23, 24, 25, 26, 36, 46, 56),8)
(12,38,Set(12, 13, 23, 24, 25, 26, 36, 37, 38),8)
(12,47,Set(12, 13, 23, 24, 25, 26, 36, 46, 47),8)
(12,29,Set(12, 13, 23, 24, 25, 26, 27, 28, 29),8)
(12,20,Set(12, 13, 14, 15, 16, 17, 18, 19, 20),8)
(12,65,Set(12, 13, 23, 24, 25, 35, 45, 55, 65),8)
(12,5,Set(12, 13, 14, 4, 5),4)
(12,14,Set(12, 13, 14),2)
(12,46,Set(12, 13, 23, 24, 25, 26, 36, 46),7)
(12,100,Set(12, 13, 23, 24, 25, 26, 36, 46, 47, 57, 58, 59, 69, 79, 80, 90, 100),16)
(12,91,Set(12, 11, 21, 31, 41, 51, 61, 71, 81, 91),9)
(12,55,Set(12, 13, 23, 24, 25, 35, 45, 55),7)
(12,64,Set(12, 13, 23, 24, 34, 44, 54, 64),7)
(12,73,Set(12, 13, 23, 33, 43, 53, 63, 73),7)
(12,94,Set(12, 13, 23, 24, 34, 44, 54, 64, 74, 84, 94),10)
(12,85,Set(12, 13, 23, 24, 25, 35, 45, 55, 65, 75, 85),10)
(12,58,Set(12, 13, 23, 24, 25, 26, 36, 46, 47, 57, 58),10)
(12,67,Set(12, 13, 23, 24, 25, 26, 36, 46, 47, 57, 67),10)
(12,40,Set(12, 13, 23, 24, 25, 26, 36, 37, 38, 39, 40),10)
(12,49,Set(12, 13, 23, 24, 25, 26, 36, 37, 38, 39, 49),10)
(12,13,Set(12, 13),1)
(12,4,Set(12, 13, 14, 4),3)
(12,76,Set(12, 13, 23, 24, 25, 26, 36, 46, 56, 66, 76),10)
(12,31,Set(12, 11, 21, 31),3)
(12,97,Set(12, 13, 23, 24, 25, 26, 36, 46, 47, 57, 67, 77, 87, 97),13)
(12,16,Set(12, 13, 14, 15, 16),4)
(12,79,Set(12, 13, 23, 24, 25, 26, 36, 46, 47, 57, 58, 59, 69, 79),13)
(12,7,Set(12, 13, 14, 4, 5, 6, 7),6)
(12,70,Set(12, 13, 23, 24, 25, 26, 36, 46, 47, 57, 58, 59, 69, 70),13)
(12,43,Set(12, 13, 23, 33, 43),4)
(12,52,Set(12, 11, 21, 31, 41, 51, 52),6)
(12,25,Set(12, 13, 23, 24, 25),4)
(12,34,Set(12, 13, 23, 24, 34),4)
(12,61,Set(12, 11, 21, 31, 41, 51, 61),6)
(12,10,Set(12, 13, 14, 15, 16, 17, 18, 19, 20, 10),9)
(12,37,Set(12, 13, 23, 24, 25, 26, 36, 37),7)
(12,1,Set(12, 11, 1),2)
(12,28,Set(12, 13, 23, 24, 25, 26, 27, 28),7)
(12,19,Set(12, 13, 14, 15, 16, 17, 18, 19),7)
(12,60,Set(12, 13, 23, 24, 25, 26, 36, 46, 47, 57, 58, 59, 60),12)
(12,87,Set(12, 13, 23, 24, 25, 26, 36, 46, 47, 57, 67, 77, 87),12)
(12,96,Set(12, 13, 23, 24, 25, 26, 36, 46, 56, 66, 76, 86, 96),12)
(12,78,Set(12, 13, 23, 24, 25, 26, 36, 46, 47, 57, 67, 77, 78),12)
(12,69,Set(12, 13, 23, 24, 25, 26, 36, 46, 47, 57, 58, 59, 69),12)
(12,99,Set(12, 13, 23, 24, 25, 26, 36, 46, 47, 57, 58, 59, 69, 79, 89, 99),15)
(12,90,Set(12, 13, 23, 24, 25, 26, 36, 46, 47, 57, 58, 59, 69, 79, 80, 90),15)
(12,63,Set(12, 13, 23, 33, 43, 53, 63),6)
(12,45,Set(12, 13, 23, 24, 25, 35, 45),6)
(12,54,Set(12, 13, 23, 24, 34, 44, 54),6)
(12,81,Set(12, 11, 21, 31, 41, 51, 61, 71, 81),8)
(12,72,Set(12, 11, 21, 31, 41, 51, 61, 71, 72),8)
(12,27,Set(12, 13, 23, 24, 25, 26, 27),6)
(12,36,Set(12, 13, 23, 24, 25, 26, 36),6)
(12,18,Set(12, 13, 14, 15, 16, 17, 18),6)
(12,9,Set(12, 13, 14, 15, 16, 17, 18, 19, 9),8)
(12,57,Set(12, 13, 23, 24, 25, 26, 36, 46, 47, 57),9)
(12,21,Set(12, 11, 21),2)
(12,84,Set(12, 13, 23, 24, 34, 44, 54, 64, 74, 84),9)
(12,3,Set(12, 13, 3),2)
(12,93,Set(12, 13, 23, 33, 43, 53, 63, 73, 83, 93),9)
(12,75,Set(12, 13, 23, 24, 25, 35, 45, 55, 65, 75),9)
(12,30,Set(12, 13, 23, 24, 25, 26, 27, 28, 29, 30),9)
(12,39,Set(12, 13, 23, 24, 25, 26, 36, 37, 38, 39),9)
(12,66,Set(12, 13, 23, 24, 25, 26, 36, 46, 56, 66),9)
(12,15,Set(12, 13, 14, 15),3)
(12,51,Set(12, 11, 21, 31, 41, 51),5)
(12,6,Set(12, 13, 14, 4, 5, 6),5)
(12,24,Set(12, 13, 23, 24),3)
(12,33,Set(12, 13, 23, 33),3)
(13,92,Set(13, 23, 33, 43, 53, 63, 73, 83, 93, 92),9)
(13,83,Set(13, 23, 33, 43, 53, 63, 73, 83),7)
(13,95,Set(13, 23, 24, 25, 35, 45, 55, 65, 75, 85, 95),10)
(13,23,Set(13, 23),1)
(13,86,Set(13, 23, 24, 25, 26, 36, 46, 56, 66, 76, 86),10)
(13,77,Set(13, 23, 24, 25, 26, 36, 46, 47, 57, 67, 77),10)
(13,59,Set(13, 23, 24, 25, 26, 36, 46, 47, 57, 58, 59),10)
(13,50,Set(13, 23, 24, 25, 26, 36, 37, 38, 39, 40, 50),10)
(13,41,Set(13, 23, 33, 32, 31, 41),5)
(13,32,Set(13, 23, 33, 32),3)
(13,53,Set(13, 23, 33, 43, 53),4)
(13,44,Set(13, 23, 24, 34, 44),4)
(13,35,Set(13, 23, 24, 25, 35),4)
(13,17,Set(13, 14, 15, 16, 17),4)
(13,26,Set(13, 23, 24, 25, 26),4)
(13,89,Set(13, 23, 24, 25, 26, 36, 46, 47, 57, 58, 59, 69, 79, 89),13)
(13,80,Set(13, 23, 24, 25, 26, 36, 46, 47, 57, 58, 59, 69, 79, 80),13)
(13,98,Set(13, 23, 24, 25, 26, 36, 46, 47, 57, 67, 77, 87, 97, 98),13)
(13,71,Set(13, 23, 33, 43, 53, 52, 51, 61, 71),8)
(13,11,Set(13, 12, 11),2)
(13,74,Set(13, 23, 24, 34, 44, 54, 64, 74),7)
(13,56,Set(13, 23, 24, 25, 26, 36, 46, 56),7)
(13,38,Set(13, 23, 24, 25, 26, 36, 37, 38),7)
(13,47,Set(13, 23, 24, 25, 26, 36, 46, 47),7)
(13,29,Set(13, 23, 24, 25, 26, 27, 28, 29),7)
(13,20,Set(13, 14, 15, 16, 17, 18, 19, 20),7)
(13,65,Set(13, 23, 24, 25, 35, 45, 55, 65),7)
(13,5,Set(13, 14, 4, 5),3)
(13,14,Set(13, 14),1)
(13,46,Set(13, 23, 24, 25, 26, 36, 46),6)
(13,100,Set(13, 23, 24, 25, 26, 36, 46, 47, 57, 58, 59, 69, 79, 80, 90, 100),15)
(13,91,Set(13, 23, 33, 43, 53, 52, 51, 61, 71, 81, 91),10)
(13,55,Set(13, 23, 24, 25, 35, 45, 55),6)
(13,64,Set(13, 23, 24, 34, 44, 54, 64),6)
(13,73,Set(13, 23, 33, 43, 53, 63, 73),6)
(13,94,Set(13, 23, 24, 34, 44, 54, 64, 74, 84, 94),9)
(13,85,Set(13, 23, 24, 25, 35, 45, 55, 65, 75, 85),9)
(13,58,Set(13, 23, 24, 25, 26, 36, 46, 47, 57, 58),9)
(13,67,Set(13, 23, 24, 25, 26, 36, 46, 47, 57, 67),9)
(13,40,Set(13, 23, 24, 25, 26, 36, 37, 38, 39, 40),9)
(13,49,Set(13, 23, 24, 25, 26, 36, 37, 38, 39, 49),9)
(13,4,Set(13, 14, 4),2)
(13,76,Set(13, 23, 24, 25, 26, 36, 46, 56, 66, 76),9)
(13,31,Set(13, 23, 33, 32, 31),4)
(13,97,Set(13, 23, 24, 25, 26, 36, 46, 47, 57, 67, 77, 87, 97),12)
(13,16,Set(13, 14, 15, 16),3)
(13,79,Set(13, 23, 24, 25, 26, 36, 46, 47, 57, 58, 59, 69, 79),12)
(13,7,Set(13, 14, 4, 5, 6, 7),5)
(13,70,Set(13, 23, 24, 25, 26, 36, 46, 47, 57, 58, 59, 69, 70),12)
(13,43,Set(13, 23, 33, 43),3)
(13,52,Set(13, 23, 33, 43, 53, 52),5)
(13,25,Set(13, 23, 24, 25),3)
(13,34,Set(13, 23, 24, 34),3)
(13,61,Set(13, 23, 33, 43, 53, 52, 51, 61),7)
(13,10,Set(13, 14, 15, 16, 17, 18, 19, 20, 10),8)
(13,37,Set(13, 23, 24, 25, 26, 36, 37),6)
(13,1,Set(13, 12, 11, 1),3)
(13,28,Set(13, 23, 24, 25, 26, 27, 28),6)
(13,19,Set(13, 14, 15, 16, 17, 18, 19),6)
(13,60,Set(13, 23, 24, 25, 26, 36, 46, 47, 57, 58, 59, 60),11)
(13,87,Set(13, 23, 24, 25, 26, 36, 46, 47, 57, 67, 77, 87),11)
(13,96,Set(13, 23, 24, 25, 26, 36, 46, 56, 66, 76, 86, 96),11)
(13,78,Set(13, 23, 24, 25, 26, 36, 46, 47, 57, 67, 77, 78),11)
(13,69,Set(13, 23, 24, 25, 26, 36, 46, 47, 57, 58, 59, 69),11)
(13,99,Set(13, 23, 24, 25, 26, 36, 46, 47, 57, 58, 59, 69, 79, 89, 99),14)
(13,90,Set(13, 23, 24, 25, 26, 36, 46, 47, 57, 58, 59, 69, 79, 80, 90),14)
(13,63,Set(13, 23, 33, 43, 53, 63),5)
(13,45,Set(13, 23, 24, 25, 35, 45),5)
(13,54,Set(13, 23, 24, 34, 44, 54),5)
(13,81,Set(13, 23, 33, 43, 53, 52, 51, 61, 71, 81),9)
(13,72,Set(13, 23, 33, 43, 53, 63, 73, 72),7)
(13,27,Set(13, 23, 24, 25, 26, 27),5)
(13,36,Set(13, 23, 24, 25, 26, 36),5)
(13,18,Set(13, 14, 15, 16, 17, 18),5)
(13,9,Set(13, 14, 15, 16, 17, 18, 19, 9),7)
(13,57,Set(13, 23, 24, 25, 26, 36, 46, 47, 57),8)
(13,21,Set(13, 12, 11, 21),3)
(13,84,Set(13, 23, 24, 34, 44, 54, 64, 74, 84),8)
(13,12,Set(13, 12),1)
(13,3,Set(13, 3),1)
(13,93,Set(13, 23, 33, 43, 53, 63, 73, 83, 93),8)
(13,75,Set(13, 23, 24, 25, 35, 45, 55, 65, 75),8)
(13,30,Set(13, 23, 24, 25, 26, 27, 28, 29, 30),8)
(13,39,Set(13, 23, 24, 25, 26, 36, 37, 38, 39),8)
(13,66,Set(13, 23, 24, 25, 26, 36, 46, 56, 66),8)
(13,15,Set(13, 14, 15),2)
(13,51,Set(13, 23, 33, 43, 53, 52, 51),6)
(13,6,Set(13, 14, 4, 5, 6),4)
(13,24,Set(13, 23, 24),2)
(13,33,Set(13, 23, 33),2)
(14,92,Set(14, 24, 23, 33, 43, 53, 63, 73, 83, 93, 92),10)
(14,83,Set(14, 24, 23, 33, 43, 53, 63, 73, 83),8)
(14,95,Set(14, 24, 25, 35, 45, 55, 65, 75, 85, 95),9)
(14,23,Set(14, 24, 23),2)
(14,86,Set(14, 24, 25, 26, 36, 46, 56, 66, 76, 86),9)
(14,77,Set(14, 24, 25, 26, 36, 46, 47, 57, 67, 77),9)
(14,59,Set(14, 24, 25, 26, 36, 46, 47, 57, 58, 59),9)
(14,50,Set(14, 24, 25, 26, 36, 37, 38, 39, 40, 50),9)
(14,32,Set(14, 24, 23, 33, 32),4)
(14,41,Set(14, 24, 23, 33, 32, 31, 41),6)
(14,53,Set(14, 24, 23, 33, 43, 53),5)
(14,44,Set(14, 24, 34, 44),3)
(14,35,Set(14, 24, 25, 35),3)
(14,17,Set(14, 15, 16, 17),3)
(14,26,Set(14, 24, 25, 26),3)
(14,89,Set(14, 24, 25, 26, 36, 46, 47, 57, 58, 59, 69, 79, 89),12)
(14,80,Set(14, 24, 25, 26, 36, 46, 47, 57, 58, 59, 69, 79, 80),12)
(14,98,Set(14, 24, 25, 26, 36, 46, 47, 57, 67, 77, 87, 97, 98),12)
(14,71,Set(14, 24, 23, 33, 43, 53, 52, 51, 61, 71),9)
(14,11,Set(14, 13, 12, 11),3)
(14,74,Set(14, 24, 34, 44, 54, 64, 74),6)
(14,56,Set(14, 24, 25, 26, 36, 46, 56),6)
(14,38,Set(14, 24, 25, 26, 36, 37, 38),6)
(14,47,Set(14, 24, 25, 26, 36, 46, 47),6)
(14,29,Set(14, 24, 25, 26, 27, 28, 29),6)
(14,20,Set(14, 15, 16, 17, 18, 19, 20),6)
(14,65,Set(14, 24, 25, 35, 45, 55, 65),6)
(14,5,Set(14, 4, 5),2)
(14,46,Set(14, 24, 25, 26, 36, 46),5)
(14,100,Set(14, 24, 25, 26, 36, 46, 47, 57, 58, 59, 69, 79, 80, 90, 100),14)
(14,91,Set(14, 24, 23, 33, 43, 53, 52, 51, 61, 71, 81, 91),11)
(14,73,Set(14, 24, 23, 33, 43, 53, 63, 73),7)
(14,55,Set(14, 24, 25, 35, 45, 55),5)
(14,64,Set(14, 24, 34, 44, 54, 64),5)
(14,94,Set(14, 24, 34, 44, 54, 64, 74, 84, 94),8)
(14,85,Set(14, 24, 25, 35, 45, 55, 65, 75, 85),8)
(14,58,Set(14, 24, 25, 26, 36, 46, 47, 57, 58),8)
(14,67,Set(14, 24, 25, 26, 36, 46, 47, 57, 67),8)
(14,40,Set(14, 24, 25, 26, 36, 37, 38, 39, 40),8)
(14,49,Set(14, 24, 25, 26, 36, 37, 38, 39, 49),8)
(14,13,Set(14, 13),1)
(14,4,Set(14, 4),1)
(14,76,Set(14, 24, 25, 26, 36, 46, 56, 66, 76),8)
(14,31,Set(14, 24, 23, 33, 32, 31),5)
(14,97,Set(14, 24, 25, 26, 36, 46, 47, 57, 67, 77, 87, 97),11)
(14,16,Set(14, 15, 16),2)
(14,79,Set(14, 24, 25, 26, 36, 46, 47, 57, 58, 59, 69, 79),11)
(14,7,Set(14, 4, 5, 6, 7),4)
(14,70,Set(14, 24, 25, 26, 36, 46, 47, 57, 58, 59, 69, 70),11)
(14,43,Set(14, 24, 23, 33, 43),4)
(14,52,Set(14, 24, 23, 33, 43, 53, 52),6)
(14,25,Set(14, 24, 25),2)
(14,34,Set(14, 24, 34),2)
(14,61,Set(14, 24, 23, 33, 43, 53, 52, 51, 61),8)
(14,10,Set(14, 15, 16, 17, 18, 19, 20, 10),7)
(14,37,Set(14, 24, 25, 26, 36, 37),5)
(14,1,Set(14, 13, 12, 11, 1),4)
(14,28,Set(14, 24, 25, 26, 27, 28),5)
(14,19,Set(14, 15, 16, 17, 18, 19),5)
(14,60,Set(14, 24, 25, 26, 36, 46, 47, 57, 58, 59, 60),10)
(14,87,Set(14, 24, 25, 26, 36, 46, 47, 57, 67, 77, 87),10)
(14,96,Set(14, 24, 25, 26, 36, 46, 56, 66, 76, 86, 96),10)
(14,78,Set(14, 24, 25, 26, 36, 46, 47, 57, 67, 77, 78),10)
(14,69,Set(14, 24, 25, 26, 36, 46, 47, 57, 58, 59, 69),10)
(14,99,Set(14, 24, 25, 26, 36, 46, 47, 57, 58, 59, 69, 79, 89, 99),13)
(14,90,Set(14, 24, 25, 26, 36, 46, 47, 57, 58, 59, 69, 79, 80, 90),13)
(14,63,Set(14, 24, 23, 33, 43, 53, 63),6)
(14,45,Set(14, 24, 25, 35, 45),4)
(14,54,Set(14, 24, 34, 44, 54),4)
(14,81,Set(14, 24, 23, 33, 43, 53, 52, 51, 61, 71, 81),10)
(14,72,Set(14, 24, 23, 33, 43, 53, 63, 73, 72),8)
(14,36,Set(14, 24, 25, 26, 36),4)
(14,27,Set(14, 24, 25, 26, 27),4)
(14,18,Set(14, 15, 16, 17, 18),4)
(14,9,Set(14, 15, 16, 17, 18, 19, 9),6)
(14,21,Set(14, 13, 12, 11, 21),4)
(14,57,Set(14, 24, 25, 26, 36, 46, 47, 57),7)
(14,84,Set(14, 24, 34, 44, 54, 64, 74, 84),7)
(14,12,Set(14, 13, 12),2)
(14,3,Set(14, 4, 3),2)
(14,93,Set(14, 24, 23, 33, 43, 53, 63, 73, 83, 93),9)
(14,75,Set(14, 24, 25, 35, 45, 55, 65, 75),7)
(14,30,Set(14, 24, 25, 26, 27, 28, 29, 30),7)
(14,39,Set(14, 24, 25, 26, 36, 37, 38, 39),7)
(14,66,Set(14, 24, 25, 26, 36, 46, 56, 66),7)
(14,15,Set(14, 15),1)
(14,51,Set(14, 24, 23, 33, 43, 53, 52, 51),7)
(14,33,Set(14, 24, 23, 33),3)
(14,24,Set(14, 24),1)
(14,6,Set(14, 4, 5, 6),3)
(15,92,Set(15, 14, 24, 23, 33, 43, 53, 63, 73, 83, 93, 92),11)
(15,83,Set(15, 14, 24, 23, 33, 43, 53, 63, 73, 83),9)
(15,95,Set(15, 25, 35, 45, 55, 65, 75, 85, 95),8)
(15,23,Set(15, 14, 24, 23),3)
(15,86,Set(15, 25, 26, 36, 46, 56, 66, 76, 86),8)
(15,77,Set(15, 25, 26, 36, 46, 47, 57, 67, 77),8)
(15,59,Set(15, 25, 26, 36, 46, 47, 57, 58, 59),8)
(15,50,Set(15, 25, 26, 36, 37, 38, 39, 40, 50),8)
(15,41,Set(15, 14, 24, 23, 33, 32, 31, 41),7)
(15,32,Set(15, 14, 24, 23, 33, 32),5)
(15,53,Set(15, 14, 24, 23, 33, 43, 53),6)
(15,17,Set(15, 16, 17),2)
(15,35,Set(15, 25, 35),2)
(15,44,Set(15, 14, 24, 34, 44),4)
(15,26,Set(15, 25, 26),2)
(15,89,Set(15, 25, 26, 36, 46, 47, 57, 58, 59, 69, 79, 89),11)
(15,80,Set(15, 25, 26, 36, 46, 47, 57, 58, 59, 69, 79, 80),11)
(15,98,Set(15, 25, 26, 36, 46, 47, 57, 67, 77, 87, 97, 98),11)
(15,71,Set(15, 14, 24, 23, 33, 43, 53, 52, 51, 61, 71),10)
(15,11,Set(15, 14, 13, 12, 11),4)
(15,74,Set(15, 14, 24, 34, 44, 54, 64, 74),7)
(15,56,Set(15, 25, 26, 36, 46, 56),5)
(15,38,Set(15, 25, 26, 36, 37, 38),5)
(15,47,Set(15, 25, 26, 36, 46, 47),5)
(15,29,Set(15, 25, 26, 27, 28, 29),5)
(15,20,Set(15, 16, 17, 18, 19, 20),5)
(15,65,Set(15, 25, 35, 45, 55, 65),5)
(15,5,Set(15, 5),1)
(15,14,Set(15, 14),1)
(15,46,Set(15, 25, 26, 36, 46),4)
(15,100,Set(15, 25, 26, 36, 46, 47, 57, 58, 59, 69, 79, 80, 90, 100),13)
(15,91,Set(15, 14, 24, 23, 33, 43, 53, 52, 51, 61, 71, 81, 91),12)
(15,73,Set(15, 14, 24, 23, 33, 43, 53, 63, 73),8)
(15,55,Set(15, 25, 35, 45, 55),4)
(15,64,Set(15, 14, 24, 34, 44, 54, 64),6)
(15,94,Set(15, 14, 24, 34, 44, 54, 64, 74, 84, 94),9)
(15,85,Set(15, 25, 35, 45, 55, 65, 75, 85),7)
(15,58,Set(15, 25, 26, 36, 46, 47, 57, 58),7)
(15,67,Set(15, 25, 26, 36, 46, 47, 57, 67),7)
(15,40,Set(15, 25, 26, 36, 37, 38, 39, 40),7)
(15,49,Set(15, 25, 26, 36, 37, 38, 39, 49),7)
(15,4,Set(15, 14, 4),2)
(15,13,Set(15, 14, 13),2)
(15,76,Set(15, 25, 26, 36, 46, 56, 66, 76),7)
(15,31,Set(15, 14, 24, 23, 33, 32, 31),6)
(15,97,Set(15, 25, 26, 36, 46, 47, 57, 67, 77, 87, 97),10)
(15,16,Set(15, 16),1)
(15,79,Set(15, 25, 26, 36, 46, 47, 57, 58, 59, 69, 79),10)
(15,7,Set(15, 5, 6, 7),3)
(15,70,Set(15, 25, 26, 36, 46, 47, 57, 58, 59, 69, 70),10)
(15,52,Set(15, 14, 24, 23, 33, 43, 53, 52),7)
(15,43,Set(15, 14, 24, 23, 33, 43),5)
(15,25,Set(15, 25),1)
(15,34,Set(15, 14, 24, 34),3)
(15,61,Set(15, 14, 24, 23, 33, 43, 53, 52, 51, 61),9)
(15,10,Set(15, 16, 17, 18, 19, 20, 10),6)
(15,37,Set(15, 25, 26, 36, 37),4)
(15,1,Set(15, 14, 13, 12, 11, 1),5)
(15,19,Set(15, 16, 17, 18, 19),4)
(15,28,Set(15, 25, 26, 27, 28),4)
(15,60,Set(15, 25, 26, 36, 46, 47, 57, 58, 59, 60),9)
(15,87,Set(15, 25, 26, 36, 46, 47, 57, 67, 77, 87),9)
(15,96,Set(15, 25, 26, 36, 46, 56, 66, 76, 86, 96),9)
(15,78,Set(15, 25, 26, 36, 46, 47, 57, 67, 77, 78),9)
(15,69,Set(15, 25, 26, 36, 46, 47, 57, 58, 59, 69),9)
(15,99,Set(15, 25, 26, 36, 46, 47, 57, 58, 59, 69, 79, 89, 99),12)
(15,90,Set(15, 25, 26, 36, 46, 47, 57, 58, 59, 69, 79, 80, 90),12)
(15,63,Set(15, 14, 24, 23, 33, 43, 53, 63),7)
(15,45,Set(15, 25, 35, 45),3)
(15,54,Set(15, 14, 24, 34, 44, 54),5)
(15,81,Set(15, 14, 24, 23, 33, 43, 53, 52, 51, 61, 71, 81),11)
(15,72,Set(15, 14, 24, 23, 33, 43, 53, 63, 73, 72),9)
(15,36,Set(15, 25, 26, 36),3)
(15,27,Set(15, 25, 26, 27),3)
(15,18,Set(15, 16, 17, 18),3)
(15,9,Set(15, 16, 17, 18, 19, 9),5)
(15,21,Set(15, 14, 13, 12, 11, 21),5)
(15,57,Set(15, 25, 26, 36, 46, 47, 57),6)
(15,84,Set(15, 14, 24, 34, 44, 54, 64, 74, 84),8)
(15,12,Set(15, 14, 13, 12),3)
(15,3,Set(15, 14, 4, 3),3)
(15,93,Set(15, 14, 24, 23, 33, 43, 53, 63, 73, 83, 93),10)
(15,75,Set(15, 25, 35, 45, 55, 65, 75),6)
(15,30,Set(15, 25, 26, 27, 28, 29, 30),6)
(15,39,Set(15, 25, 26, 36, 37, 38, 39),6)
(15,66,Set(15, 25, 26, 36, 46, 56, 66),6)
(15,51,Set(15, 14, 24, 23, 33, 43, 53, 52, 51),8)
(15,6,Set(15, 5, 6),2)
(15,24,Set(15, 14, 24),2)
(15,33,Set(15, 14, 24, 23, 33),4)
(16,92,Set(16, 26, 25, 24, 23, 33, 43, 53, 63, 73, 83, 93, 92),12)
(16,83,Set(16, 26, 25, 24, 23, 33, 43, 53, 63, 73, 83),10)
(16,95,Set(16, 26, 25, 35, 45, 55, 65, 75, 85, 95),9)
(16,23,Set(16, 26, 25, 24, 23),4)
(16,86,Set(16, 26, 36, 46, 56, 66, 76, 86),7)
(16,77,Set(16, 26, 36, 46, 47, 57, 67, 77),7)
(16,41,Set(16, 26, 25, 24, 23, 33, 32, 31, 41),8)
(16,59,Set(16, 26, 36, 46, 47, 57, 58, 59),7)
(16,50,Set(16, 26, 36, 37, 38, 39, 40, 50),7)
(16,32,Set(16, 26, 25, 24, 23, 33, 32),6)
(16,53,Set(16, 26, 25, 24, 23, 33, 43, 53),7)
(16,17,Set(16, 17),1)
(16,35,Set(16, 26, 25, 35),3)
(16,44,Set(16, 26, 25, 24, 34, 44),5)
(16,26,Set(16, 26),1)
(16,89,Set(16, 26, 36, 46, 47, 57, 58, 59, 69, 79, 89),10)
(16,80,Set(16, 26, 36, 46, 47, 57, 58, 59, 69, 79, 80),10)
(16,71,Set(16, 26, 25, 24, 23, 33, 43, 53, 52, 51, 61, 71),11)
(16,98,Set(16, 26, 36, 46, 47, 57, 67, 77, 87, 97, 98),10)
(16,11,Set(16, 15, 14, 13, 12, 11),5)
(16,74,Set(16, 26, 25, 24, 34, 44, 54, 64, 74),8)
(16,56,Set(16, 26, 36, 46, 56),4)
(16,38,Set(16, 26, 36, 37, 38),4)
(16,47,Set(16, 26, 36, 46, 47),4)
(16,29,Set(16, 26, 27, 28, 29),4)
(16,20,Set(16, 17, 18, 19, 20),4)
(16,65,Set(16, 26, 25, 35, 45, 55, 65),6)
(16,5,Set(16, 6, 5),2)
(16,14,Set(16, 15, 14),2)
(16,46,Set(16, 26, 36, 46),3)
(16,100,Set(16, 26, 36, 46, 47, 57, 58, 59, 69, 79, 80, 90, 100),12)
(16,91,Set(16, 26, 25, 24, 23, 33, 43, 53, 52, 51, 61, 71, 81, 91),13)
(16,73,Set(16, 26, 25, 24, 23, 33, 43, 53, 63, 73),9)
(16,64,Set(16, 26, 25, 24, 34, 44, 54, 64),7)
(16,55,Set(16, 26, 25, 35, 45, 55),5)
(16,94,Set(16, 26, 25, 24, 34, 44, 54, 64, 74, 84, 94),10)
(16,85,Set(16, 26, 25, 35, 45, 55, 65, 75, 85),8)
(16,67,Set(16, 26, 36, 46, 47, 57, 67),6)
(16,58,Set(16, 26, 36, 46, 47, 57, 58),6)
(16,49,Set(16, 26, 36, 37, 38, 39, 49),6)
(16,40,Set(16, 26, 36, 37, 38, 39, 40),6)
(16,13,Set(16, 15, 14, 13),3)
(16,4,Set(16, 6, 5, 4),3)
(16,31,Set(16, 26, 25, 24, 23, 33, 32, 31),7)
(16,76,Set(16, 26, 36, 46, 56, 66, 76),6)
(16,97,Set(16, 26, 36, 46, 47, 57, 67, 77, 87, 97),9)
(16,79,Set(16, 26, 36, 46, 47, 57, 58, 59, 69, 79),9)
(16,7,Set(16, 6, 7),2)
(16,70,Set(16, 26, 36, 46, 47, 57, 58, 59, 69, 70),9)
(16,52,Set(16, 26, 25, 24, 23, 33, 43, 53, 52),8)
(16,43,Set(16, 26, 25, 24, 23, 33, 43),6)
(16,25,Set(16, 26, 25),2)
(16,34,Set(16, 26, 25, 24, 34),4)
(16,61,Set(16, 26, 25, 24, 23, 33, 43, 53, 52, 51, 61),10)
(16,10,Set(16, 17, 18, 19, 20, 10),5)
(16,37,Set(16, 26, 36, 37),3)
(16,1,Set(16, 15, 14, 13, 12, 11, 1),6)
(16,19,Set(16, 17, 18, 19),3)
(16,28,Set(16, 26, 27, 28),3)
(16,60,Set(16, 26, 36, 46, 47, 57, 58, 59, 60),8)
(16,87,Set(16, 26, 36, 46, 47, 57, 67, 77, 87),8)
(16,96,Set(16, 26, 36, 46, 56, 66, 76, 86, 96),8)
(16,78,Set(16, 26, 36, 46, 47, 57, 67, 77, 78),8)
(16,69,Set(16, 26, 36, 46, 47, 57, 58, 59, 69),8)
(16,99,Set(16, 26, 36, 46, 47, 57, 58, 59, 69, 79, 89, 99),11)
(16,90,Set(16, 26, 36, 46, 47, 57, 58, 59, 69, 79, 80, 90),11)
(16,63,Set(16, 26, 25, 24, 23, 33, 43, 53, 63),8)
(16,45,Set(16, 26, 25, 35, 45),4)
(16,54,Set(16, 26, 25, 24, 34, 44, 54),6)
(16,81,Set(16, 26, 25, 24, 23, 33, 43, 53, 52, 51, 61, 71, 81),12)
(16,72,Set(16, 26, 25, 24, 23, 33, 43, 53, 63, 73, 72),10)
(16,27,Set(16, 26, 27),2)
(16,36,Set(16, 26, 36),2)
(16,18,Set(16, 17, 18),2)
(16,9,Set(16, 17, 18, 19, 9),4)
(16,57,Set(16, 26, 36, 46, 47, 57),5)
(16,21,Set(16, 15, 14, 13, 12, 11, 21),6)
(16,84,Set(16, 26, 25, 24, 34, 44, 54, 64, 74, 84),9)
(16,12,Set(16, 15, 14, 13, 12),4)
(16,3,Set(16, 6, 5, 4, 3),4)
(16,93,Set(16, 26, 25, 24, 23, 33, 43, 53, 63, 73, 83, 93),11)
(16,75,Set(16, 26, 25, 35, 45, 55, 65, 75),7)
(16,30,Set(16, 26, 27, 28, 29, 30),5)
(16,39,Set(16, 26, 36, 37, 38, 39),5)
(16,66,Set(16, 26, 36, 46, 56, 66),5)
(16,15,Set(16, 15),1)
(16,51,Set(16, 26, 25, 24, 23, 33, 43, 53, 52, 51),9)
(16,24,Set(16, 26, 25, 24),3)
(16,6,Set(16, 6),1)
(16,33,Set(16, 26, 25, 24, 23, 33),5)
(17,92,Set(17, 16, 26, 25, 24, 23, 33, 43, 53, 63, 73, 83, 93, 92),13)
(17,83,Set(17, 16, 26, 25, 24, 23, 33, 43, 53, 63, 73, 83),11)
(17,95,Set(17, 16, 26, 25, 35, 45, 55, 65, 75, 85, 95),10)
(17,23,Set(17, 16, 26, 25, 24, 23),5)
(17,86,Set(17, 16, 26, 36, 46, 56, 66, 76, 86),8)
(17,77,Set(17, 27, 37, 47, 57, 67, 77),6)
(17,41,Set(17, 16, 26, 25, 24, 23, 33, 32, 31, 41),9)
(17,32,Set(17, 16, 26, 25, 24, 23, 33, 32),7)
(17,50,Set(17, 18, 28, 29, 39, 40, 50),6)
(17,59,Set(17, 18, 28, 29, 39, 49, 59),6)
(17,53,Set(17, 16, 26, 25, 24, 23, 33, 43, 53),8)
(17,35,Set(17, 16, 26, 25, 35),4)
(17,44,Set(17, 16, 26, 25, 24, 34, 44),6)
(17,26,Set(17, 16, 26),2)
(17,89,Set(17, 18, 28, 29, 39, 49, 59, 69, 79, 89),9)
(17,80,Set(17, 18, 28, 29, 39, 40, 50, 60, 70, 80),9)
(17,71,Set(17, 16, 26, 25, 24, 23, 33, 43, 53, 52, 51, 61, 71),12)
(17,98,Set(17, 27, 37, 47, 57, 67, 77, 87, 97, 98),9)
(17,11,Set(17, 16, 15, 14, 13, 12, 11),6)
(17,74,Set(17, 16, 26, 25, 24, 34, 44, 54, 64, 74),9)
(17,56,Set(17, 16, 26, 36, 46, 56),5)
(17,29,Set(17, 18, 28, 29),3)
(17,38,Set(17, 18, 28, 38),3)
(17,47,Set(17, 27, 37, 47),3)
(17,20,Set(17, 18, 19, 20),3)
(17,65,Set(17, 16, 26, 25, 35, 45, 55, 65),7)
(17,5,Set(17, 7, 6, 5),3)
(17,14,Set(17, 16, 15, 14),3)
(17,46,Set(17, 16, 26, 36, 46),4)
(17,100,Set(17, 18, 28, 29, 39, 40, 50, 60, 70, 80, 90, 100),11)
(17,91,Set(17, 16, 26, 25, 24, 23, 33, 43, 53, 52, 51, 61, 71, 81, 91),14)
(17,73,Set(17, 16, 26, 25, 24, 23, 33, 43, 53, 63, 73),10)
(17,64,Set(17, 16, 26, 25, 24, 34, 44, 54, 64),8)
(17,55,Set(17, 16, 26, 25, 35, 45, 55),6)
(17,94,Set(17, 16, 26, 25, 24, 34, 44, 54, 64, 74, 84, 94),11)
(17,85,Set(17, 16, 26, 25, 35, 45, 55, 65, 75, 85),9)
(17,67,Set(17, 27, 37, 47, 57, 67),5)
(17,58,Set(17, 27, 37, 47, 57, 58),5)
(17,49,Set(17, 18, 28, 29, 39, 49),5)
(17,40,Set(17, 18, 28, 29, 39, 40),5)
(17,4,Set(17, 7, 6, 5, 4),4)
(17,13,Set(17, 16, 15, 14, 13),4)
(17,31,Set(17, 16, 26, 25, 24, 23, 33, 32, 31),8)
(17,76,Set(17, 16, 26, 36, 46, 56, 66, 76),7)
(17,97,Set(17, 27, 37, 47, 57, 67, 77, 87, 97),8)
(17,16,Set(17, 16),1)
(17,79,Set(17, 18, 28, 29, 39, 49, 59, 69, 79),8)
(17,7,Set(17, 7),1)
(17,52,Set(17, 16, 26, 25, 24, 23, 33, 43, 53, 52),9)
(17,70,Set(17, 18, 28, 29, 39, 40, 50, 60, 70),8)
(17,43,Set(17, 16, 26, 25, 24, 23, 33, 43),7)
(17,25,Set(17, 16, 26, 25),3)
(17,34,Set(17, 16, 26, 25, 24, 34),5)
(17,61,Set(17, 16, 26, 25, 24, 23, 33, 43, 53, 52, 51, 61),11)
(17,10,Set(17, 18, 19, 20, 10),4)
(17,37,Set(17, 27, 37),2)
(17,1,Set(17, 16, 15, 14, 13, 12, 11, 1),7)
(17,28,Set(17, 18, 28),2)
(17,19,Set(17, 18, 19),2)
(17,60,Set(17, 18, 28, 29, 39, 40, 50, 60),7)
(17,87,Set(17, 27, 37, 47, 57, 67, 77, 87),7)
(17,96,Set(17, 16, 26, 36, 46, 56, 66, 76, 86, 96),9)
(17,78,Set(17, 27, 37, 47, 57, 67, 77, 78),7)
(17,69,Set(17, 18, 28, 29, 39, 49, 59, 69),7)
(17,99,Set(17, 18, 28, 29, 39, 49, 59, 69, 79, 89, 99),10)
(17,90,Set(17, 18, 28, 29, 39, 40, 50, 60, 70, 80, 90),10)
(17,63,Set(17, 16, 26, 25, 24, 23, 33, 43, 53, 63),9)
(17,45,Set(17, 16, 26, 25, 35, 45),5)
(17,54,Set(17, 16, 26, 25, 24, 34, 44, 54),7)
(17,81,Set(17, 16, 26, 25, 24, 23, 33, 43, 53, 52, 51, 61, 71, 81),13)
(17,72,Set(17, 16, 26, 25, 24, 23, 33, 43, 53, 63, 73, 72),11)
(17,27,Set(17, 27),1)
(17,36,Set(17, 16, 26, 36),3)
(17,9,Set(17, 18, 19, 9),3)
(17,18,Set(17, 18),1)
(17,21,Set(17, 16, 15, 14, 13, 12, 11, 21),7)
(17,57,Set(17, 27, 37, 47, 57),4)
(17,84,Set(17, 16, 26, 25, 24, 34, 44, 54, 64, 74, 84),10)
(17,3,Set(17, 7, 6, 5, 4, 3),5)
(17,12,Set(17, 16, 15, 14, 13, 12),5)
(17,93,Set(17, 16, 26, 25, 24, 23, 33, 43, 53, 63, 73, 83, 93),12)
(17,75,Set(17, 16, 26, 25, 35, 45, 55, 65, 75),8)
(17,30,Set(17, 18, 28, 29, 30),4)
(17,39,Set(17, 18, 28, 29, 39),4)
(17,66,Set(17, 16, 26, 36, 46, 56, 66),6)
(17,15,Set(17, 16, 15),2)
(17,51,Set(17, 16, 26, 25, 24, 23, 33, 43, 53, 52, 51),10)
(17,24,Set(17, 16, 26, 25, 24),4)
(17,6,Set(17, 7, 6),2)
(17,33,Set(17, 16, 26, 25, 24, 23, 33),6)
(18,92,Set(18, 28, 38, 37, 47, 57, 56, 55, 65, 75, 74, 73, 83, 93, 92),14)
(18,83,Set(18, 28, 38, 37, 47, 57, 56, 55, 65, 75, 74, 73, 83),12)
(18,95,Set(18, 28, 38, 37, 47, 57, 56, 55, 65, 75, 85, 95),11)
(18,23,Set(18, 28, 27, 26, 25, 24, 23),6)
(18,86,Set(18, 28, 38, 37, 47, 57, 56, 66, 76, 86),9)
(18,77,Set(18, 28, 38, 37, 47, 57, 67, 77),7)
(18,41,Set(18, 28, 38, 37, 36, 35, 34, 33, 32, 31, 41),10)
(18,32,Set(18, 28, 38, 37, 36, 35, 34, 33, 32),8)
(18,50,Set(18, 28, 29, 39, 40, 50),5)
(18,59,Set(18, 28, 29, 39, 49, 59),5)
(18,53,Set(18, 28, 38, 37, 47, 57, 56, 55, 54, 53),9)
(18,17,Set(18, 17),1)
(18,35,Set(18, 28, 38, 37, 36, 35),5)
(18,44,Set(18, 28, 38, 37, 47, 46, 45, 44),7)
(18,26,Set(18, 28, 27, 26),3)
(18,89,Set(18, 28, 29, 39, 49, 59, 69, 79, 89),8)
(18,80,Set(18, 28, 29, 39, 40, 50, 60, 70, 80),8)
(18,71,Set(18, 28, 38, 37, 47, 57, 56, 55, 65, 75, 74, 73, 72, 71),13)
(18,98,Set(18, 28, 29, 39, 49, 59, 69, 79, 89, 99, 98),10)
(18,11,Set(18, 17, 16, 15, 14, 13, 12, 11),7)
(18,74,Set(18, 28, 38, 37, 47, 57, 56, 55, 65, 75, 74),10)
(18,56,Set(18, 28, 38, 37, 47, 57, 56),6)
(18,47,Set(18, 28, 38, 37, 47),4)
(18,29,Set(18, 28, 29),2)
(18,38,Set(18, 28, 38),2)
(18,20,Set(18, 19, 20),2)
(18,65,Set(18, 28, 38, 37, 47, 57, 56, 55, 65),8)
(18,5,Set(18, 17, 7, 6, 5),4)
(18,14,Set(18, 17, 16, 15, 14),4)
(18,46,Set(18, 28, 38, 37, 47, 46),5)
(18,100,Set(18, 28, 29, 39, 40, 50, 60, 70, 80, 90, 100),10)
(18,91,Set(18, 28, 38, 37, 47, 57, 56, 55, 65, 75, 74, 73, 72, 71, 81, 91),15)
(18,73,Set(18, 28, 38, 37, 47, 57, 56, 55, 65, 75, 74, 73),11)
(18,64,Set(18, 28, 38, 37, 47, 57, 56, 55, 65, 64),9)
(18,55,Set(18, 28, 38, 37, 47, 57, 56, 55),7)
(18,94,Set(18, 28, 38, 37, 47, 57, 56, 55, 65, 75, 74, 84, 94),12)
(18,85,Set(18, 28, 38, 37, 47, 57, 56, 55, 65, 75, 85),10)
(18,58,Set(18, 28, 29, 39, 49, 59, 58),6)
(18,67,Set(18, 28, 38, 37, 47, 57, 67),6)
(18,49,Set(18, 28, 29, 39, 49),4)
(18,40,Set(18, 28, 29, 39, 40),4)
(18,4,Set(18, 17, 7, 6, 5, 4),5)
(18,13,Set(18, 17, 16, 15, 14, 13),5)
(18,31,Set(18, 28, 38, 37, 36, 35, 34, 33, 32, 31),9)
(18,76,Set(18, 28, 38, 37, 47, 57, 56, 66, 76),8)
(18,97,Set(18, 28, 38, 37, 47, 57, 67, 77, 87, 97),9)
(18,16,Set(18, 17, 16),2)
(18,7,Set(18, 17, 7),2)
(18,79,Set(18, 28, 29, 39, 49, 59, 69, 79),7)
(18,52,Set(18, 28, 38, 37, 47, 57, 56, 55, 54, 53, 52),10)
(18,43,Set(18, 28, 38, 37, 47, 46, 45, 44, 43),8)
(18,70,Set(18, 28, 29, 39, 40, 50, 60, 70),7)
(18,25,Set(18, 28, 27, 26, 25),4)
(18,34,Set(18, 28, 38, 37, 36, 35, 34),6)
(18,61,Set(18, 28, 38, 37, 47, 57, 56, 55, 54, 53, 52, 51, 61),12)
(18,10,Set(18, 19, 20, 10),3)
(18,37,Set(18, 28, 38, 37),3)
(18,1,Set(18, 17, 16, 15, 14, 13, 12, 11, 1),8)
(18,19,Set(18, 19),1)
(18,28,Set(18, 28),1)
(18,60,Set(18, 28, 29, 39, 40, 50, 60),6)
(18,87,Set(18, 28, 38, 37, 47, 57, 67, 77, 87),8)
(18,96,Set(18, 28, 38, 37, 47, 57, 56, 66, 76, 86, 96),10)
(18,78,Set(18, 28, 29, 39, 49, 59, 69, 79, 78),8)
(18,69,Set(18, 28, 29, 39, 49, 59, 69),6)
(18,63,Set(18, 28, 38, 37, 47, 57, 56, 55, 65, 64, 63),10)
(18,99,Set(18, 28, 29, 39, 49, 59, 69, 79, 89, 99),9)
(18,90,Set(18, 28, 29, 39, 40, 50, 60, 70, 80, 90),9)
(18,54,Set(18, 28, 38, 37, 47, 57, 56, 55, 54),8)
(18,45,Set(18, 28, 38, 37, 47, 46, 45),6)
(18,81,Set(18, 28, 38, 37, 47, 57, 56, 55, 65, 75, 74, 73, 72, 71, 81),14)
(18,72,Set(18, 28, 38, 37, 47, 57, 56, 55, 65, 75, 74, 73, 72),12)
(18,36,Set(18, 28, 38, 37, 36),4)
(18,27,Set(18, 28, 27),2)
(18,9,Set(18, 19, 9),2)
(18,21,Set(18, 17, 16, 15, 14, 13, 12, 11, 21),8)
(18,57,Set(18, 28, 38, 37, 47, 57),5)
(18,84,Set(18, 28, 38, 37, 47, 57, 56, 55, 65, 75, 74, 84),11)
(18,3,Set(18, 17, 7, 6, 5, 4, 3),6)
(18,12,Set(18, 17, 16, 15, 14, 13, 12),6)
(18,93,Set(18, 28, 38, 37, 47, 57, 56, 55, 65, 75, 74, 73, 83, 93),13)
(18,75,Set(18, 28, 38, 37, 47, 57, 56, 55, 65, 75),9)
(18,30,Set(18, 28, 29, 30),3)
(18,39,Set(18, 28, 29, 39),3)
(18,66,Set(18, 28, 38, 37, 47, 57, 56, 66),7)
(18,15,Set(18, 17, 16, 15),3)
(18,51,Set(18, 28, 38, 37, 47, 57, 56, 55, 54, 53, 52, 51),11)
(18,6,Set(18, 17, 7, 6),3)
(18,24,Set(18, 28, 27, 26, 25, 24),5)
(18,33,Set(18, 28, 38, 37, 36, 35, 34, 33),7)
(19,92,Set(19, 29, 28, 38, 37, 47, 57, 56, 55, 65, 75, 74, 73, 83, 93, 92),15)
(19,83,Set(19, 29, 28, 38, 37, 47, 57, 56, 55, 65, 75, 74, 73, 83),13)
(19,95,Set(19, 29, 28, 38, 37, 47, 57, 56, 55, 65, 75, 85, 95),12)
(19,23,Set(19, 29, 28, 27, 26, 25, 24, 23),7)
(19,86,Set(19, 29, 28, 38, 37, 47, 57, 56, 66, 76, 86),10)
(19,77,Set(19, 29, 28, 38, 37, 47, 57, 67, 77),8)
(19,41,Set(19, 29, 28, 38, 37, 36, 35, 34, 33, 32, 31, 41),11)
(19,32,Set(19, 29, 28, 38, 37, 36, 35, 34, 33, 32),9)
(19,59,Set(19, 29, 39, 49, 59),4)
(19,50,Set(19, 29, 39, 40, 50),4)
(19,53,Set(19, 29, 28, 38, 37, 47, 57, 56, 55, 54, 53),10)
(19,44,Set(19, 29, 28, 38, 37, 47, 46, 45, 44),8)
(19,17,Set(19, 18, 17),2)
(19,35,Set(19, 29, 28, 38, 37, 36, 35),6)
(19,26,Set(19, 29, 28, 27, 26),4)
(19,80,Set(19, 29, 39, 40, 50, 60, 70, 80),7)
(19,89,Set(19, 29, 39, 49, 59, 69, 79, 89),7)
(19,71,Set(19, 29, 28, 38, 37, 47, 57, 56, 55, 65, 75, 74, 73, 72, 71),14)
(19,98,Set(19, 29, 39, 49, 59, 69, 79, 89, 99, 98),9)
(19,11,Set(19, 18, 17, 16, 15, 14, 13, 12, 11),8)
(19,74,Set(19, 29, 28, 38, 37, 47, 57, 56, 55, 65, 75, 74),11)
(19,56,Set(19, 29, 28, 38, 37, 47, 57, 56),7)
(19,47,Set(19, 29, 28, 38, 37, 47),5)
(19,38,Set(19, 29, 28, 38),3)
(19,29,Set(19, 29),1)
(19,20,Set(19, 20),1)
(19,65,Set(19, 29, 28, 38, 37, 47, 57, 56, 55, 65),9)
(19,5,Set(19, 18, 17, 7, 6, 5),5)
(19,14,Set(19, 18, 17, 16, 15, 14),5)
(19,46,Set(19, 29, 28, 38, 37, 47, 46),6)
(19,100,Set(19, 29, 39, 40, 50, 60, 70, 80, 90, 100),9)
(19,91,Set(19, 29, 28, 38, 37, 47, 57, 56, 55, 65, 75, 74, 73, 72, 71, 81, 91),16)
(19,73,Set(19, 29, 28, 38, 37, 47, 57, 56, 55, 65, 75, 74, 73),12)
(19,64,Set(19, 29, 28, 38, 37, 47, 57, 56, 55, 65, 64),10)
(19,55,Set(19, 29, 28, 38, 37, 47, 57, 56, 55),8)
(19,94,Set(19, 29, 28, 38, 37, 47, 57, 56, 55, 65, 75, 74, 84, 94),13)
(19,85,Set(19, 29, 28, 38, 37, 47, 57, 56, 55, 65, 75, 85),11)
(19,58,Set(19, 29, 39, 49, 59, 58),5)
(19,67,Set(19, 29, 28, 38, 37, 47, 57, 67),7)
(19,49,Set(19, 29, 39, 49),3)
(19,40,Set(19, 29, 39, 40),3)
(19,4,Set(19, 18, 17, 7, 6, 5, 4),6)
(19,13,Set(19, 18, 17, 16, 15, 14, 13),6)
(19,31,Set(19, 29, 28, 38, 37, 36, 35, 34, 33, 32, 31),10)
(19,76,Set(19, 29, 28, 38, 37, 47, 57, 56, 66, 76),9)
(19,97,Set(19, 29, 28, 38, 37, 47, 57, 67, 77, 87, 97),10)
(19,16,Set(19, 18, 17, 16),3)
(19,7,Set(19, 18, 17, 7),3)
(19,79,Set(19, 29, 39, 49, 59, 69, 79),6)
(19,52,Set(19, 29, 28, 38, 37, 47, 57, 56, 55, 54, 53, 52),11)
(19,43,Set(19, 29, 28, 38, 37, 47, 46, 45, 44, 43),9)
(19,70,Set(19, 29, 39, 40, 50, 60, 70),6)
(19,25,Set(19, 29, 28, 27, 26, 25),5)
(19,34,Set(19, 29, 28, 38, 37, 36, 35, 34),7)
(19,61,Set(19, 29, 28, 38, 37, 47, 57, 56, 55, 54, 53, 52, 51, 61),13)
(19,10,Set(19, 20, 10),2)
(19,37,Set(19, 29, 28, 38, 37),4)
(19,1,Set(19, 18, 17, 16, 15, 14, 13, 12, 11, 1),9)
(19,28,Set(19, 29, 28),2)
(19,60,Set(19, 29, 39, 40, 50, 60),5)
(19,87,Set(19, 29, 28, 38, 37, 47, 57, 67, 77, 87),9)
(19,96,Set(19, 29, 28, 38, 37, 47, 57, 56, 66, 76, 86, 96),11)
(19,69,Set(19, 29, 39, 49, 59, 69),5)
(19,78,Set(19, 29, 39, 49, 59, 69, 79, 78),7)
(19,63,Set(19, 29, 28, 38, 37, 47, 57, 56, 55, 65, 64, 63),11)
(19,99,Set(19, 29, 39, 49, 59, 69, 79, 89, 99),8)
(19,90,Set(19, 29, 39, 40, 50, 60, 70, 80, 90),8)
(19,54,Set(19, 29, 28, 38, 37, 47, 57, 56, 55, 54),9)
(19,45,Set(19, 29, 28, 38, 37, 47, 46, 45),7)
(19,81,Set(19, 29, 28, 38, 37, 47, 57, 56, 55, 65, 75, 74, 73, 72, 71, 81),15)
(19,72,Set(19, 29, 28, 38, 37, 47, 57, 56, 55, 65, 75, 74, 73, 72),13)
(19,36,Set(19, 29, 28, 38, 37, 36),5)
(19,27,Set(19, 29, 28, 27),3)
(19,9,Set(19, 9),1)
(19,18,Set(19, 18),1)
(19,21,Set(19, 18, 17, 16, 15, 14, 13, 12, 11, 21),9)
(19,57,Set(19, 29, 28, 38, 37, 47, 57),6)
(19,84,Set(19, 29, 28, 38, 37, 47, 57, 56, 55, 65, 75, 74, 84),12)
(19,3,Set(19, 18, 17, 7, 6, 5, 4, 3),7)
(19,12,Set(19, 18, 17, 16, 15, 14, 13, 12),7)
(19,93,Set(19, 29, 28, 38, 37, 47, 57, 56, 55, 65, 75, 74, 73, 83, 93),14)
(19,75,Set(19, 29, 28, 38, 37, 47, 57, 56, 55, 65, 75),10)
(19,30,Set(19, 29, 30),2)
(19,39,Set(19, 29, 39),2)
(19,66,Set(19, 29, 28, 38, 37, 47, 57, 56, 66),8)
(19,15,Set(19, 18, 17, 16, 15),4)
(19,51,Set(19, 29, 28, 38, 37, 47, 57, 56, 55, 54, 53, 52, 51),12)
(19,33,Set(19, 29, 28, 38, 37, 36, 35, 34, 33),8)
(19,6,Set(19, 18, 17, 7, 6),4)
(19,24,Set(19, 29, 28, 27, 26, 25, 24),6)
(20,92,Set(20, 19, 29, 28, 38, 37, 47, 57, 56, 55, 65, 75, 74, 73, 83, 93, 92),16)
(20,83,Set(20, 19, 29, 28, 38, 37, 47, 57, 56, 55, 65, 75, 74, 73, 83),14)
(20,95,Set(20, 19, 29, 28, 38, 37, 47, 57, 56, 55, 65, 75, 85, 95),13)
(20,23,Set(20, 19, 29, 28, 27, 26, 25, 24, 23),8)
(20,86,Set(20, 19, 29, 28, 38, 37, 47, 57, 56, 66, 76, 86),11)
(20,77,Set(20, 19, 29, 28, 38, 37, 47, 57, 67, 77),9)
(20,41,Set(20, 19, 29, 28, 38, 37, 36, 35, 34, 33, 32, 31, 41),12)
(20,32,Set(20, 19, 29, 28, 38, 37, 36, 35, 34, 33, 32),10)
(20,59,Set(20, 19, 29, 39, 49, 59),5)
(20,50,Set(20, 30, 40, 50),3)
(20,53,Set(20, 19, 29, 28, 38, 37, 47, 57, 56, 55, 54, 53),11)
(20,44,Set(20, 19, 29, 28, 38, 37, 47, 46, 45, 44),9)
(20,17,Set(20, 19, 18, 17),3)
(20,35,Set(20, 19, 29, 28, 38, 37, 36, 35),7)
(20,26,Set(20, 19, 29, 28, 27, 26),5)
(20,80,Set(20, 30, 40, 50, 60, 70, 80),6)
(20,89,Set(20, 19, 29, 39, 49, 59, 69, 79, 89),8)
(20,71,Set(20, 19, 29, 28, 38, 37, 47, 57, 56, 55, 65, 75, 74, 73, 72, 71),15)
(20,98,Set(20, 19, 29, 39, 49, 59, 69, 79, 89, 99, 98),10)
(20,11,Set(20, 19, 18, 17, 16, 15, 14, 13, 12, 11),9)
(20,74,Set(20, 19, 29, 28, 38, 37, 47, 57, 56, 55, 65, 75, 74),12)
(20,56,Set(20, 19, 29, 28, 38, 37, 47, 57, 56),8)
(20,38,Set(20, 19, 29, 28, 38),4)
(20,29,Set(20, 19, 29),2)
(20,47,Set(20, 19, 29, 28, 38, 37, 47),6)
(20,65,Set(20, 19, 29, 28, 38, 37, 47, 57, 56, 55, 65),10)
(20,5,Set(20, 19, 18, 17, 7, 6, 5),6)
(20,14,Set(20, 19, 18, 17, 16, 15, 14),6)
(20,46,Set(20, 19, 29, 28, 38, 37, 47, 46),7)
(20,100,Set(20, 30, 40, 50, 60, 70, 80, 90, 100),8)
(20,91,Set(20, 19, 29, 28, 38, 37, 47, 57, 56, 55, 65, 75, 74, 73, 72, 71, 81, 91),17)
(20,73,Set(20, 19, 29, 28, 38, 37, 47, 57, 56, 55, 65, 75, 74, 73),13)
(20,64,Set(20, 19, 29, 28, 38, 37, 47, 57, 56, 55, 65, 64),11)
(20,55,Set(20, 19, 29, 28, 38, 37, 47, 57, 56, 55),9)
(20,94,Set(20, 19, 29, 28, 38, 37, 47, 57, 56, 55, 65, 75, 74, 84, 94),14)
(20,85,Set(20, 19, 29, 28, 38, 37, 47, 57, 56, 55, 65, 75, 85),12)
(20,58,Set(20, 19, 29, 39, 49, 59, 58),6)
(20,67,Set(20, 19, 29, 28, 38, 37, 47, 57, 67),8)
(20,40,Set(20, 30, 40),2)
(20,49,Set(20, 19, 29, 39, 49),4)
(20,4,Set(20, 19, 18, 17, 7, 6, 5, 4),7)
(20,13,Set(20, 19, 18, 17, 16, 15, 14, 13),7)
(20,31,Set(20, 19, 29, 28, 38, 37, 36, 35, 34, 33, 32, 31),11)
(20,76,Set(20, 19, 29, 28, 38, 37, 47, 57, 56, 66, 76),10)
(20,97,Set(20, 19, 29, 28, 38, 37, 47, 57, 67, 77, 87, 97),11)
(20,16,Set(20, 19, 18, 17, 16),4)
(20,7,Set(20, 19, 18, 17, 7),4)
(20,79,Set(20, 19, 29, 39, 49, 59, 69, 79),7)
(20,52,Set(20, 19, 29, 28, 38, 37, 47, 57, 56, 55, 54, 53, 52),12)
(20,43,Set(20, 19, 29, 28, 38, 37, 47, 46, 45, 44, 43),10)
(20,70,Set(20, 30, 40, 50, 60, 70),5)
(20,25,Set(20, 19, 29, 28, 27, 26, 25),6)
(20,34,Set(20, 19, 29, 28, 38, 37, 36, 35, 34),8)
(20,61,Set(20, 19, 29, 28, 38, 37, 47, 57, 56, 55, 54, 53, 52, 51, 61),14)
(20,10,Set(20, 10),1)
(20,37,Set(20, 19, 29, 28, 38, 37),5)
(20,1,Set(20, 19, 18, 17, 16, 15, 14, 13, 12, 11, 1),10)
(20,19,Set(20, 19),1)
(20,28,Set(20, 19, 29, 28),3)
(20,60,Set(20, 30, 40, 50, 60),4)
(20,87,Set(20, 19, 29, 28, 38, 37, 47, 57, 67, 77, 87),10)
(20,96,Set(20, 19, 29, 28, 38, 37, 47, 57, 56, 66, 76, 86, 96),12)
(20,69,Set(20, 19, 29, 39, 49, 59, 69),6)
(20,78,Set(20, 19, 29, 39, 49, 59, 69, 79, 78),8)
(20,63,Set(20, 19, 29, 28, 38, 37, 47, 57, 56, 55, 65, 64, 63),12)
(20,99,Set(20, 19, 29, 39, 49, 59, 69, 79, 89, 99),9)
(20,90,Set(20, 30, 40, 50, 60, 70, 80, 90),7)
(20,54,Set(20, 19, 29, 28, 38, 37, 47, 57, 56, 55, 54),10)
(20,45,Set(20, 19, 29, 28, 38, 37, 47, 46, 45),8)
(20,81,Set(20, 19, 29, 28, 38, 37, 47, 57, 56, 55, 65, 75, 74, 73, 72, 71, 81),16)
(20,72,Set(20, 19, 29, 28, 38, 37, 47, 57, 56, 55, 65, 75, 74, 73, 72),14)
(20,27,Set(20, 19, 29, 28, 27),4)
(20,36,Set(20, 19, 29, 28, 38, 37, 36),6)
(20,9,Set(20, 10, 9),2)
(20,18,Set(20, 19, 18),2)
(20,21,Set(20, 19, 18, 17, 16, 15, 14, 13, 12, 11, 21),10)
(20,57,Set(20, 19, 29, 28, 38, 37, 47, 57),7)
(20,84,Set(20, 19, 29, 28, 38, 37, 47, 57, 56, 55, 65, 75, 74, 84),13)
(20,3,Set(20, 19, 18, 17, 7, 6, 5, 4, 3),8)
(20,12,Set(20, 19, 18, 17, 16, 15, 14, 13, 12),8)
(20,93,Set(20, 19, 29, 28, 38, 37, 47, 57, 56, 55, 65, 75, 74, 73, 83, 93),15)
(20,75,Set(20, 19, 29, 28, 38, 37, 47, 57, 56, 55, 65, 75),11)
(20,30,Set(20, 30),1)
(20,39,Set(20, 19, 29, 39),3)
(20,66,Set(20, 19, 29, 28, 38, 37, 47, 57, 56, 66),9)
(20,15,Set(20, 19, 18, 17, 16, 15),5)
(20,51,Set(20, 19, 29, 28, 38, 37, 47, 57, 56, 55, 54, 53, 52, 51),13)
(20,33,Set(20, 19, 29, 28, 38, 37, 36, 35, 34, 33),9)
(20,6,Set(20, 19, 18, 17, 7, 6),5)
(20,24,Set(20, 19, 29, 28, 27, 26, 25, 24),7)
(21,92,Set(21, 31, 41, 51, 61, 71, 81, 91, 92),8)
(21,83,Set(21, 31, 41, 51, 61, 71, 72, 73, 83),8)
(21,95,Set(21, 31, 41, 51, 61, 71, 72, 73, 83, 93, 94, 95),11)
(21,23,Set(21, 11, 12, 13, 23),4)
(21,86,Set(21, 31, 41, 51, 61, 71, 72, 73, 83, 84, 85, 86),11)
(21,77,Set(21, 31, 41, 51, 61, 71, 72, 73, 74, 75, 76, 77),11)
(21,50,Set(21, 31, 32, 33, 34, 35, 36, 37, 38, 39, 40, 50),11)
(21,59,Set(21, 31, 41, 51, 52, 53, 54, 55, 56, 57, 58, 59),11)
(21,32,Set(21, 31, 32),2)
(21,41,Set(21, 31, 41),2)
(21,53,Set(21, 31, 41, 51, 52, 53),5)
(21,44,Set(21, 31, 32, 33, 43, 44),5)
(21,35,Set(21, 31, 32, 33, 34, 35),5)
(21,17,Set(21, 11, 12, 13, 14, 15, 16, 17),7)
(21,26,Set(21, 11, 12, 13, 23, 24, 25, 26),7)
(21,80,Set(21, 31, 41, 51, 61, 71, 72, 73, 74, 75, 76, 77, 78, 79, 80),14)
(21,89,Set(21, 31, 41, 51, 61, 71, 72, 73, 74, 75, 76, 77, 78, 79, 89),14)
(21,98,Set(21, 31, 41, 51, 61, 71, 72, 73, 83, 93, 94, 95, 96, 97, 98),14)
(21,71,Set(21, 31, 41, 51, 61, 71),5)
(21,11,Set(21, 11),1)
(21,74,Set(21, 31, 41, 51, 61, 71, 72, 73, 74),8)
(21,56,Set(21, 31, 41, 51, 52, 53, 54, 55, 56),8)
(21,29,Set(21, 11, 12, 13, 23, 24, 25, 26, 27, 28, 29),10)
(21,47,Set(21, 31, 32, 33, 43, 44, 45, 46, 47),8)
(21,38,Set(21, 31, 32, 33, 34, 35, 36, 37, 38),8)
(21,20,Set(21, 11, 12, 13, 14, 15, 16, 17, 18, 19, 20),10)
(21,65,Set(21, 31, 41, 51, 52, 53, 54, 55, 65),8)
(21,5,Set(21, 11, 12, 13, 14, 4, 5),6)
(21,14,Set(21, 11, 12, 13, 14),4)
(21,46,Set(21, 31, 32, 33, 43, 44, 45, 46),7)
(21,100,Set(21, 31, 41, 51, 61, 71, 72, 73, 83, 93, 94, 95, 96, 97, 98, 99, 100),16)
(21,91,Set(21, 31, 41, 51, 61, 71, 81, 91),7)
(21,55,Set(21, 31, 41, 51, 52, 53, 54, 55),7)
(21,64,Set(21, 31, 41, 51, 52, 53, 54, 64),7)
(21,73,Set(21, 31, 41, 51, 61, 71, 72, 73),7)
(21,94,Set(21, 31, 41, 51, 61, 71, 72, 73, 83, 93, 94),10)
(21,85,Set(21, 31, 41, 51, 61, 71, 72, 73, 83, 84, 85),10)
(21,58,Set(21, 31, 41, 51, 52, 53, 54, 55, 56, 57, 58),10)
(21,67,Set(21, 31, 41, 51, 52, 53, 54, 55, 65, 66, 67),10)
(21,40,Set(21, 31, 32, 33, 34, 35, 36, 37, 38, 39, 40),10)
(21,49,Set(21, 31, 32, 33, 34, 35, 36, 37, 38, 39, 49),10)
(21,4,Set(21, 11, 12, 13, 14, 4),5)
(21,13,Set(21, 11, 12, 13),3)
(21,76,Set(21, 31, 41, 51, 61, 71, 72, 73, 74, 75, 76),10)
(21,31,Set(21, 31),1)
(21,97,Set(21, 31, 41, 51, 61, 71, 72, 73, 83, 93, 94, 95, 96, 97),13)
(21,16,Set(21, 11, 12, 13, 14, 15, 16),6)
(21,79,Set(21, 31, 41, 51, 61, 71, 72, 73, 74, 75, 76, 77, 78, 79),13)
(21,7,Set(21, 11, 12, 13, 14, 4, 5, 6, 7),8)
(21,70,Set(21, 31, 41, 51, 52, 53, 54, 55, 56, 57, 58, 59, 69, 70),13)
(21,43,Set(21, 31, 32, 33, 43),4)
(21,52,Set(21, 31, 41, 51, 52),4)
(21,25,Set(21, 11, 12, 13, 23, 24, 25),6)
(21,34,Set(21, 31, 32, 33, 34),4)
(21,61,Set(21, 31, 41, 51, 61),4)
(21,10,Set(21, 11, 12, 13, 14, 15, 16, 17, 18, 19, 20, 10),11)
(21,37,Set(21, 31, 32, 33, 34, 35, 36, 37),7)
(21,1,Set(21, 11, 1),2)
(21,19,Set(21, 11, 12, 13, 14, 15, 16, 17, 18, 19),9)
(21,28,Set(21, 11, 12, 13, 23, 24, 25, 26, 27, 28),9)
(21,60,Set(21, 31, 41, 51, 52, 53, 54, 55, 56, 57, 58, 59, 60),12)
(21,87,Set(21, 31, 41, 51, 61, 71, 72, 73, 83, 84, 85, 86, 87),12)
(21,96,Set(21, 31, 41, 51, 61, 71, 72, 73, 83, 93, 94, 95, 96),12)
(21,69,Set(21, 31, 41, 51, 52, 53, 54, 55, 56, 57, 58, 59, 69),12)
(21,78,Set(21, 31, 41, 51, 61, 71, 72, 73, 74, 75, 76, 77, 78),12)
(21,90,Set(21, 31, 41, 51, 61, 71, 72, 73, 74, 75, 76, 77, 78, 79, 80, 90),15)
(21,99,Set(21, 31, 41, 51, 61, 71, 72, 73, 83, 93, 94, 95, 96, 97, 98, 99),15)
(21,63,Set(21, 31, 41, 51, 52, 53, 63),6)
(21,45,Set(21, 31, 32, 33, 43, 44, 45),6)
(21,54,Set(21, 31, 41, 51, 52, 53, 54),6)
(21,81,Set(21, 31, 41, 51, 61, 71, 81),6)
(21,72,Set(21, 31, 41, 51, 61, 71, 72),6)
(21,36,Set(21, 31, 32, 33, 34, 35, 36),6)
(21,27,Set(21, 11, 12, 13, 23, 24, 25, 26, 27),8)
(21,9,Set(21, 11, 12, 13, 14, 15, 16, 17, 18, 19, 9),10)
(21,18,Set(21, 11, 12, 13, 14, 15, 16, 17, 18),8)
(21,57,Set(21, 31, 41, 51, 52, 53, 54, 55, 56, 57),9)
(21,84,Set(21, 31, 41, 51, 61, 71, 72, 73, 83, 84),9)
(21,3,Set(21, 11, 12, 13, 3),4)
(21,12,Set(21, 11, 12),2)
(21,93,Set(21, 31, 41, 51, 61, 71, 72, 73, 83, 93),9)
(21,75,Set(21, 31, 41, 51, 61, 71, 72, 73, 74, 75),9)
(21,30,Set(21, 11, 12, 13, 23, 24, 25, 26, 27, 28, 29, 30),11)
(21,39,Set(21, 31, 32, 33, 34, 35, 36, 37, 38, 39),9)
(21,66,Set(21, 31, 41, 51, 52, 53, 54, 55, 65, 66),9)
(21,15,Set(21, 11, 12, 13, 14, 15),5)
(21,51,Set(21, 31, 41, 51),3)
(21,24,Set(21, 11, 12, 13, 23, 24),5)
(21,33,Set(21, 31, 32, 33),3)
(21,6,Set(21, 11, 12, 13, 14, 4, 5, 6),7)
(23,92,Set(23, 33, 43, 53, 63, 73, 83, 93, 92),8)
(23,83,Set(23, 33, 43, 53, 63, 73, 83),6)
(23,95,Set(23, 24, 25, 35, 45, 55, 65, 75, 85, 95),9)
(23,86,Set(23, 24, 25, 26, 36, 46, 56, 66, 76, 86),9)
(23,77,Set(23, 24, 25, 26, 36, 46, 47, 57, 67, 77),9)
(23,50,Set(23, 24, 25, 26, 36, 37, 38, 39, 40, 50),9)
(23,59,Set(23, 24, 25, 26, 36, 46, 47, 57, 58, 59),9)
(23,41,Set(23, 33, 32, 31, 41),4)
(23,32,Set(23, 33, 32),2)
(23,53,Set(23, 33, 43, 53),3)
(23,35,Set(23, 24, 25, 35),3)
(23,44,Set(23, 24, 34, 44),3)
(23,17,Set(23, 24, 14, 15, 16, 17),5)
(23,26,Set(23, 24, 25, 26),3)
(23,80,Set(23, 24, 25, 26, 36, 46, 47, 57, 58, 59, 69, 79, 80),12)
(23,89,Set(23, 24, 25, 26, 36, 46, 47, 57, 58, 59, 69, 79, 89),12)
(23,98,Set(23, 24, 25, 26, 36, 46, 47, 57, 67, 77, 87, 97, 98),12)
(23,71,Set(23, 33, 43, 53, 52, 51, 61, 71),7)
(23,11,Set(23, 13, 12, 11),3)
(23,74,Set(23, 24, 34, 44, 54, 64, 74),6)
(23,56,Set(23, 24, 25, 26, 36, 46, 56),6)
(23,47,Set(23, 24, 25, 26, 36, 46, 47),6)
(23,38,Set(23, 24, 25, 26, 36, 37, 38),6)
(23,29,Set(23, 24, 25, 26, 27, 28, 29),6)
(23,20,Set(23, 24, 14, 15, 16, 17, 18, 19, 20),8)
(23,65,Set(23, 24, 25, 35, 45, 55, 65),6)
(23,5,Set(23, 24, 14, 4, 5),4)
(23,14,Set(23, 24, 14),2)
(23,46,Set(23, 24, 25, 26, 36, 46),5)
(23,100,Set(23, 24, 25, 26, 36, 46, 47, 57, 58, 59, 69, 79, 80, 90, 100),14)
(23,91,Set(23, 33, 43, 53, 52, 51, 61, 71, 81, 91),9)
(23,55,Set(23, 24, 25, 35, 45, 55),5)
(23,64,Set(23, 24, 34, 44, 54, 64),5)
(23,73,Set(23, 33, 43, 53, 63, 73),5)
(23,94,Set(23, 24, 34, 44, 54, 64, 74, 84, 94),8)
(23,85,Set(23, 24, 25, 35, 45, 55, 65, 75, 85),8)
(23,58,Set(23, 24, 25, 26, 36, 46, 47, 57, 58),8)
(23,67,Set(23, 24, 25, 26, 36, 46, 47, 57, 67),8)
(23,40,Set(23, 24, 25, 26, 36, 37, 38, 39, 40),8)
(23,49,Set(23, 24, 25, 26, 36, 37, 38, 39, 49),8)
(23,4,Set(23, 24, 14, 4),3)
(23,13,Set(23, 13),1)
(23,76,Set(23, 24, 25, 26, 36, 46, 56, 66, 76),8)
(23,31,Set(23, 33, 32, 31),3)
(23,97,Set(23, 24, 25, 26, 36, 46, 47, 57, 67, 77, 87, 97),11)
(23,16,Set(23, 24, 14, 15, 16),4)
(23,79,Set(23, 24, 25, 26, 36, 46, 47, 57, 58, 59, 69, 79),11)
(23,7,Set(23, 24, 14, 4, 5, 6, 7),6)
(23,70,Set(23, 24, 25, 26, 36, 46, 47, 57, 58, 59, 69, 70),11)
(23,52,Set(23, 33, 43, 53, 52),4)
(23,43,Set(23, 33, 43),2)
(23,25,Set(23, 24, 25),2)
(23,34,Set(23, 24, 34),2)
(23,61,Set(23, 33, 43, 53, 52, 51, 61),6)
(23,10,Set(23, 24, 14, 15, 16, 17, 18, 19, 20, 10),9)
(23,37,Set(23, 24, 25, 26, 36, 37),5)
(23,1,Set(23, 13, 12, 11, 1),4)
(23,19,Set(23, 24, 14, 15, 16, 17, 18, 19),7)
(23,28,Set(23, 24, 25, 26, 27, 28),5)
(23,60,Set(23, 24, 25, 26, 36, 46, 47, 57, 58, 59, 60),10)
(23,87,Set(23, 24, 25, 26, 36, 46, 47, 57, 67, 77, 87),10)
(23,96,Set(23, 24, 25, 26, 36, 46, 56, 66, 76, 86, 96),10)
(23,69,Set(23, 24, 25, 26, 36, 46, 47, 57, 58, 59, 69),10)
(23,78,Set(23, 24, 25, 26, 36, 46, 47, 57, 67, 77, 78),10)
(23,90,Set(23, 24, 25, 26, 36, 46, 47, 57, 58, 59, 69, 79, 80, 90),13)
(23,99,Set(23, 24, 25, 26, 36, 46, 47, 57, 58, 59, 69, 79, 89, 99),13)
(23,63,Set(23, 33, 43, 53, 63),4)
(23,54,Set(23, 24, 34, 44, 54),4)
(23,45,Set(23, 24, 25, 35, 45),4)
(23,81,Set(23, 33, 43, 53, 52, 51, 61, 71, 81),8)
(23,72,Set(23, 33, 43, 53, 63, 73, 72),6)
(23,36,Set(23, 24, 25, 26, 36),4)
(23,27,Set(23, 24, 25, 26, 27),4)
(23,9,Set(23, 24, 14, 15, 16, 17, 18, 19, 9),8)
(23,18,Set(23, 24, 14, 15, 16, 17, 18),6)
(23,57,Set(23, 24, 25, 26, 36, 46, 47, 57),7)
(23,21,Set(23, 13, 12, 11, 21),4)
(23,84,Set(23, 24, 34, 44, 54, 64, 74, 84),7)
(23,12,Set(23, 13, 12),2)
(23,3,Set(23, 13, 3),2)
(23,93,Set(23, 33, 43, 53, 63, 73, 83, 93),7)
(23,75,Set(23, 24, 25, 35, 45, 55, 65, 75),7)
(23,30,Set(23, 24, 25, 26, 27, 28, 29, 30),7)
(23,39,Set(23, 24, 25, 26, 36, 37, 38, 39),7)
(23,66,Set(23, 24, 25, 26, 36, 46, 56, 66),7)
(23,15,Set(23, 24, 14, 15),3)
(23,51,Set(23, 33, 43, 53, 52, 51),5)
(23,33,Set(23, 33),1)
(23,24,Set(23, 24),1)
(23,6,Set(23, 24, 14, 4, 5, 6),5)
(24,92,Set(24, 23, 33, 43, 53, 63, 73, 83, 93, 92),9)
(24,83,Set(24, 23, 33, 43, 53, 63, 73, 83),7)
(24,95,Set(24, 25, 35, 45, 55, 65, 75, 85, 95),8)
(24,23,Set(24, 23),1)
(24,86,Set(24, 25, 26, 36, 46, 56, 66, 76, 86),8)
(24,77,Set(24, 25, 26, 36, 46, 47, 57, 67, 77),8)
(24,50,Set(24, 25, 26, 36, 37, 38, 39, 40, 50),8)
(24,59,Set(24, 25, 26, 36, 46, 47, 57, 58, 59),8)
(24,32,Set(24, 23, 33, 32),3)
(24,41,Set(24, 23, 33, 32, 31, 41),5)
(24,53,Set(24, 23, 33, 43, 53),4)
(24,35,Set(24, 25, 35),2)
(24,44,Set(24, 34, 44),2)
(24,17,Set(24, 14, 15, 16, 17),4)
(24,26,Set(24, 25, 26),2)
(24,80,Set(24, 25, 26, 36, 46, 47, 57, 58, 59, 69, 79, 80),11)
(24,89,Set(24, 25, 26, 36, 46, 47, 57, 58, 59, 69, 79, 89),11)
(24,98,Set(24, 25, 26, 36, 46, 47, 57, 67, 77, 87, 97, 98),11)
(24,71,Set(24, 23, 33, 43, 53, 52, 51, 61, 71),8)
(24,11,Set(24, 23, 13, 12, 11),4)
(24,74,Set(24, 34, 44, 54, 64, 74),5)
(24,56,Set(24, 25, 26, 36, 46, 56),5)
(24,47,Set(24, 25, 26, 36, 46, 47),5)
(24,38,Set(24, 25, 26, 36, 37, 38),5)
(24,29,Set(24, 25, 26, 27, 28, 29),5)
(24,20,Set(24, 14, 15, 16, 17, 18, 19, 20),7)
(24,65,Set(24, 25, 35, 45, 55, 65),5)
(24,5,Set(24, 14, 4, 5),3)
(24,14,Set(24, 14),1)
(24,46,Set(24, 25, 26, 36, 46),4)
(24,100,Set(24, 25, 26, 36, 46, 47, 57, 58, 59, 69, 79, 80, 90, 100),13)
(24,91,Set(24, 23, 33, 43, 53, 52, 51, 61, 71, 81, 91),10)
(24,55,Set(24, 25, 35, 45, 55),4)
(24,64,Set(24, 34, 44, 54, 64),4)
(24,73,Set(24, 23, 33, 43, 53, 63, 73),6)
(24,94,Set(24, 34, 44, 54, 64, 74, 84, 94),7)
(24,85,Set(24, 25, 35, 45, 55, 65, 75, 85),7)
(24,58,Set(24, 25, 26, 36, 46, 47, 57, 58),7)
(24,67,Set(24, 25, 26, 36, 46, 47, 57, 67),7)
(24,40,Set(24, 25, 26, 36, 37, 38, 39, 40),7)
(24,49,Set(24, 25, 26, 36, 37, 38, 39, 49),7)
(24,13,Set(24, 23, 13),2)
(24,4,Set(24, 14, 4),2)
(24,76,Set(24, 25, 26, 36, 46, 56, 66, 76),7)
(24,31,Set(24, 23, 33, 32, 31),4)
(24,97,Set(24, 25, 26, 36, 46, 47, 57, 67, 77, 87, 97),10)
(24,16,Set(24, 14, 15, 16),3)
(24,79,Set(24, 25, 26, 36, 46, 47, 57, 58, 59, 69, 79),10)
(24,7,Set(24, 14, 4, 5, 6, 7),5)
(24,70,Set(24, 25, 26, 36, 46, 47, 57, 58, 59, 69, 70),10)
(24,43,Set(24, 23, 33, 43),3)
(24,52,Set(24, 23, 33, 43, 53, 52),5)
(24,25,Set(24, 25),1)
(24,34,Set(24, 34),1)
(24,61,Set(24, 23, 33, 43, 53, 52, 51, 61),7)
(24,10,Set(24, 14, 15, 16, 17, 18, 19, 20, 10),8)
(24,37,Set(24, 25, 26, 36, 37),4)
(24,1,Set(24, 23, 13, 12, 11, 1),5)
(24,19,Set(24, 14, 15, 16, 17, 18, 19),6)
(24,28,Set(24, 25, 26, 27, 28),4)
(24,60,Set(24, 25, 26, 36, 46, 47, 57, 58, 59, 60),9)
(24,87,Set(24, 25, 26, 36, 46, 47, 57, 67, 77, 87),9)
(24,96,Set(24, 25, 26, 36, 46, 56, 66, 76, 86, 96),9)
(24,69,Set(24, 25, 26, 36, 46, 47, 57, 58, 59, 69),9)
(24,78,Set(24, 25, 26, 36, 46, 47, 57, 67, 77, 78),9)
(24,90,Set(24, 25, 26, 36, 46, 47, 57, 58, 59, 69, 79, 80, 90),12)
(24,99,Set(24, 25, 26, 36, 46, 47, 57, 58, 59, 69, 79, 89, 99),12)
(24,63,Set(24, 23, 33, 43, 53, 63),5)
(24,54,Set(24, 34, 44, 54),3)
(24,45,Set(24, 25, 35, 45),3)
(24,81,Set(24, 23, 33, 43, 53, 52, 51, 61, 71, 81),9)
(24,72,Set(24, 23, 33, 43, 53, 63, 73, 72),7)
(24,27,Set(24, 25, 26, 27),3)
(24,36,Set(24, 25, 26, 36),3)
(24,9,Set(24, 14, 15, 16, 17, 18, 19, 9),7)
(24,18,Set(24, 14, 15, 16, 17, 18),5)
(24,21,Set(24, 23, 13, 12, 11, 21),5)
(24,57,Set(24, 25, 26, 36, 46, 47, 57),6)
(24,84,Set(24, 34, 44, 54, 64, 74, 84),6)
(24,3,Set(24, 23, 13, 3),3)
(24,12,Set(24, 23, 13, 12),3)
(24,93,Set(24, 23, 33, 43, 53, 63, 73, 83, 93),8)
(24,75,Set(24, 25, 35, 45, 55, 65, 75),6)
(24,30,Set(24, 25, 26, 27, 28, 29, 30),6)
(24,39,Set(24, 25, 26, 36, 37, 38, 39),6)
(24,66,Set(24, 25, 26, 36, 46, 56, 66),6)
(24,15,Set(24, 14, 15),2)
(24,51,Set(24, 23, 33, 43, 53, 52, 51),6)
(24,33,Set(24, 23, 33),2)
(24,6,Set(24, 14, 4, 5, 6),4)
(25,92,Set(25, 24, 23, 33, 43, 53, 63, 73, 83, 93, 92),10)
(25,83,Set(25, 24, 23, 33, 43, 53, 63, 73, 83),8)
(25,95,Set(25, 35, 45, 55, 65, 75, 85, 95),7)
(25,23,Set(25, 24, 23),2)
(25,86,Set(25, 26, 36, 46, 56, 66, 76, 86),7)
(25,77,Set(25, 26, 36, 46, 47, 57, 67, 77),7)
(25,50,Set(25, 26, 36, 37, 38, 39, 40, 50),7)
(25,59,Set(25, 26, 36, 46, 47, 57, 58, 59),7)
(25,41,Set(25, 24, 23, 33, 32, 31, 41),6)
(25,32,Set(25, 24, 23, 33, 32),4)
(25,53,Set(25, 24, 23, 33, 43, 53),5)
(25,44,Set(25, 24, 34, 44),3)
(25,35,Set(25, 35),1)
(25,17,Set(25, 26, 16, 17),3)
(25,26,Set(25, 26),1)
(25,80,Set(25, 26, 36, 46, 47, 57, 58, 59, 69, 79, 80),10)
(25,89,Set(25, 26, 36, 46, 47, 57, 58, 59, 69, 79, 89),10)
(25,98,Set(25, 26, 36, 46, 47, 57, 67, 77, 87, 97, 98),10)
(25,71,Set(25, 24, 23, 33, 43, 53, 52, 51, 61, 71),9)
(25,11,Set(25, 24, 23, 13, 12, 11),5)
(25,74,Set(25, 24, 34, 44, 54, 64, 74),6)
(25,56,Set(25, 26, 36, 46, 56),4)
(25,47,Set(25, 26, 36, 46, 47),4)
(25,38,Set(25, 26, 36, 37, 38),4)
(25,29,Set(25, 26, 27, 28, 29),4)
(25,20,Set(25, 26, 16, 17, 18, 19, 20),6)
(25,65,Set(25, 35, 45, 55, 65),4)
(25,5,Set(25, 15, 5),2)
(25,14,Set(25, 24, 14),2)
(25,46,Set(25, 26, 36, 46),3)
(25,100,Set(25, 26, 36, 46, 47, 57, 58, 59, 69, 79, 80, 90, 100),12)
(25,91,Set(25, 24, 23, 33, 43, 53, 52, 51, 61, 71, 81, 91),11)
(25,73,Set(25, 24, 23, 33, 43, 53, 63, 73),7)
(25,55,Set(25, 35, 45, 55),3)
(25,64,Set(25, 24, 34, 44, 54, 64),5)
(25,94,Set(25, 24, 34, 44, 54, 64, 74, 84, 94),8)
(25,85,Set(25, 35, 45, 55, 65, 75, 85),6)
(25,58,Set(25, 26, 36, 46, 47, 57, 58),6)
(25,67,Set(25, 26, 36, 46, 47, 57, 67),6)
(25,40,Set(25, 26, 36, 37, 38, 39, 40),6)
(25,49,Set(25, 26, 36, 37, 38, 39, 49),6)
(25,13,Set(25, 24, 23, 13),3)
(25,4,Set(25, 24, 14, 4),3)
(25,76,Set(25, 26, 36, 46, 56, 66, 76),6)
(25,31,Set(25, 24, 23, 33, 32, 31),5)
(25,97,Set(25, 26, 36, 46, 47, 57, 67, 77, 87, 97),9)
(25,16,Set(25, 26, 16),2)
(25,79,Set(25, 26, 36, 46, 47, 57, 58, 59, 69, 79),9)
(25,7,Set(25, 26, 16, 6, 7),4)
(25,70,Set(25, 26, 36, 46, 47, 57, 58, 59, 69, 70),9)
(25,52,Set(25, 24, 23, 33, 43, 53, 52),6)
(25,43,Set(25, 24, 23, 33, 43),4)
(25,34,Set(25, 24, 34),2)
(25,61,Set(25, 24, 23, 33, 43, 53, 52, 51, 61),8)
(25,10,Set(25, 26, 16, 17, 18, 19, 20, 10),7)
(25,37,Set(25, 26, 36, 37),3)
(25,1,Set(25, 24, 23, 13, 12, 11, 1),6)
(25,28,Set(25, 26, 27, 28),3)
(25,19,Set(25, 26, 16, 17, 18, 19),5)
(25,60,Set(25, 26, 36, 46, 47, 57, 58, 59, 60),8)
(25,87,Set(25, 26, 36, 46, 47, 57, 67, 77, 87),8)
(25,96,Set(25, 26, 36, 46, 56, 66, 76, 86, 96),8)
(25,69,Set(25, 26, 36, 46, 47, 57, 58, 59, 69),8)
(25,78,Set(25, 26, 36, 46, 47, 57, 67, 77, 78),8)
(25,90,Set(25, 26, 36, 46, 47, 57, 58, 59, 69, 79, 80, 90),11)
(25,99,Set(25, 26, 36, 46, 47, 57, 58, 59, 69, 79, 89, 99),11)
(25,63,Set(25, 24, 23, 33, 43, 53, 63),6)
(25,45,Set(25, 35, 45),2)
(25,54,Set(25, 24, 34, 44, 54),4)
(25,81,Set(25, 24, 23, 33, 43, 53, 52, 51, 61, 71, 81),10)
(25,72,Set(25, 24, 23, 33, 43, 53, 63, 73, 72),8)
(25,36,Set(25, 26, 36),2)
(25,27,Set(25, 26, 27),2)
(25,18,Set(25, 26, 16, 17, 18),4)
(25,9,Set(25, 26, 16, 17, 18, 19, 9),6)
(25,57,Set(25, 26, 36, 46, 47, 57),5)
(25,21,Set(25, 24, 23, 13, 12, 11, 21),6)
(25,84,Set(25, 24, 34, 44, 54, 64, 74, 84),7)
(25,3,Set(25, 24, 23, 13, 3),4)
(25,12,Set(25, 24, 23, 13, 12),4)
(25,93,Set(25, 24, 23, 33, 43, 53, 63, 73, 83, 93),9)
(25,75,Set(25, 35, 45, 55, 65, 75),5)
(25,30,Set(25, 26, 27, 28, 29, 30),5)
(25,39,Set(25, 26, 36, 37, 38, 39),5)
(25,66,Set(25, 26, 36, 46, 56, 66),5)
(25,15,Set(25, 15),1)
(25,51,Set(25, 24, 23, 33, 43, 53, 52, 51),7)
(25,33,Set(25, 24, 23, 33),3)
(25,6,Set(25, 26, 16, 6),3)
(25,24,Set(25, 24),1)
