(26,92,Set(26, 25, 24, 23, 33, 43, 53, 63, 73, 83, 93, 92),11)
(26,83,Set(26, 25, 24, 23, 33, 43, 53, 63, 73, 83),9)
(26,95,Set(26, 25, 35, 45, 55, 65, 75, 85, 95),8)
(26,23,Set(26, 25, 24, 23),3)
(26,86,Set(26, 36, 46, 56, 66, 76, 86),6)
(26,77,Set(26, 36, 46, 47, 57, 67, 77),6)
(26,41,Set(26, 25, 24, 23, 33, 32, 31, 41),7)
(26,32,Set(26, 25, 24, 23, 33, 32),5)
(26,50,Set(26, 36, 37, 38, 39, 40, 50),6)
(26,59,Set(26, 36, 46, 47, 57, 58, 59),6)
(26,53,Set(26, 25, 24, 23, 33, 43, 53),6)
(26,17,Set(26, 16, 17),2)
(26,35,Set(26, 25, 35),2)
(26,44,Set(26, 25, 24, 34, 44),4)
(26,89,Set(26, 36, 46, 47, 57, 58, 59, 69, 79, 89),9)
(26,80,Set(26, 36, 46, 47, 57, 58, 59, 69, 79, 80),9)
(26,71,Set(26, 25, 24, 23, 33, 43, 53, 52, 51, 61, 71),10)
(26,98,Set(26, 36, 46, 47, 57, 67, 77, 87, 97, 98),9)
(26,11,Set(26, 25, 24, 23, 13, 12, 11),6)
(26,74,Set(26, 25, 24, 34, 44, 54, 64, 74),7)
(26,56,Set(26, 36, 46, 56),3)
(26,29,Set(26, 27, 28, 29),3)
(26,47,Set(26, 36, 46, 47),3)
(26,38,Set(26, 36, 37, 38),3)
(26,20,Set(26, 16, 17, 18, 19, 20),5)
(26,65,Set(26, 25, 35, 45, 55, 65),5)
(26,5,Set(26, 25, 15, 5),3)
(26,14,Set(26, 25, 24, 14),3)
(26,46,Set(26, 36, 46),2)
(26,100,Set(26, 36, 46, 47, 57, 58, 59, 69, 79, 80, 90, 100),11)
(26,91,Set(26, 25, 24, 23, 33, 43, 53, 52, 51, 61, 71, 81, 91),12)
(26,73,Set(26, 25, 24, 23, 33, 43, 53, 63, 73),8)
(26,64,Set(26, 25, 24, 34, 44, 54, 64),6)
(26,55,Set(26, 25, 35, 45, 55),4)
(26,94,Set(26, 25, 24, 34, 44, 54, 64, 74, 84, 94),9)
(26,85,Set(26, 25, 35, 45, 55, 65, 75, 85),7)
(26,67,Set(26, 36, 46, 47, 57, 67),5)
(26,58,Set(26, 36, 46, 47, 57, 58),5)
(26,49,Set(26, 36, 37, 38, 39, 49),5)
(26,40,Set(26, 36, 37, 38, 39, 40),5)
(26,4,Set(26, 25, 24, 14, 4),4)
(26,13,Set(26, 25, 24, 23, 13),4)
(26,31,Set(26, 25, 24, 23, 33, 32, 31),6)
(26,76,Set(26, 36, 46, 56, 66, 76),5)
(26,97,Set(26, 36, 46, 47, 57, 67, 77, 87, 97),8)
(26,16,Set(26, 16),1)
(26,79,Set(26, 36, 46, 47, 57, 58, 59, 69, 79),8)
(26,7,Set(26, 16, 6, 7),3)
(26,70,Set(26, 36, 46, 47, 57, 58, 59, 69, 70),8)
(26,52,Set(26, 25, 24, 23, 33, 43, 53, 52),7)
(26,43,Set(26, 25, 24, 23, 33, 43),5)
(26,25,Set(26, 25),1)
(26,34,Set(26, 25, 24, 34),3)
(26,61,Set(26, 25, 24, 23, 33, 43, 53, 52, 51, 61),9)
(26,10,Set(26, 16, 17, 18, 19, 20, 10),6)
(26,37,Set(26, 36, 37),2)
(26,1,Set(26, 25, 24, 23, 13, 12, 11, 1),7)
(26,28,Set(26, 27, 28),2)
(26,19,Set(26, 16, 17, 18, 19),4)
(26,60,Set(26, 36, 46, 47, 57, 58, 59, 60),7)
(26,87,Set(26, 36, 46, 47, 57, 67, 77, 87),7)
(26,96,Set(26, 36, 46, 56, 66, 76, 86, 96),7)
(26,78,Set(26, 36, 46, 47, 57, 67, 77, 78),7)
(26,69,Set(26, 36, 46, 47, 57, 58, 59, 69),7)
(26,99,Set(26, 36, 46, 47, 57, 58, 59, 69, 79, 89, 99),10)
(26,90,Set(26, 36, 46, 47, 57, 58, 59, 69, 79, 80, 90),10)
(26,63,Set(26, 25, 24, 23, 33, 43, 53, 63),7)
(26,45,Set(26, 25, 35, 45),3)
(26,54,Set(26, 25, 24, 34, 44, 54),5)
(26,81,Set(26, 25, 24, 23, 33, 43, 53, 52, 51, 61, 71, 81),11)
(26,72,Set(26, 25, 24, 23, 33, 43, 53, 63, 73, 72),9)
(26,27,Set(26, 27),1)
(26,36,Set(26, 36),1)
(26,18,Set(26, 16, 17, 18),3)
(26,9,Set(26, 16, 17, 18, 19, 9),5)
(26,21,Set(26, 25, 24, 23, 13, 12, 11, 21),7)
(26,57,Set(26, 36, 46, 47, 57),4)
(26,84,Set(26, 25, 24, 34, 44, 54, 64, 74, 84),8)
(26,3,Set(26, 25, 24, 23, 13, 3),5)
(26,12,Set(26, 25, 24, 23, 13, 12),5)
(26,93,Set(26, 25, 24, 23, 33, 43, 53, 63, 73, 83, 93),10)
(26,75,Set(26, 25, 35, 45, 55, 65, 75),6)
(26,30,Set(26, 27, 28, 29, 30),4)
(26,39,Set(26, 36, 37, 38, 39),4)
(26,66,Set(26, 36, 46, 56, 66),4)
(26,15,Set(26, 25, 15),2)
(26,51,Set(26, 25, 24, 23, 33, 43, 53, 52, 51),8)
(26,6,Set(26, 16, 6),2)
(26,24,Set(26, 25, 24),2)
(26,33,Set(26, 25, 24, 23, 33),4)
(27,92,Set(27, 26, 25, 24, 23, 33, 43, 53, 63, 73, 83, 93, 92),12)
(27,83,Set(27, 26, 25, 24, 23, 33, 43, 53, 63, 73, 83),10)
(27,95,Set(27, 26, 25, 35, 45, 55, 65, 75, 85, 95),9)
(27,23,Set(27, 26, 25, 24, 23),4)
(27,86,Set(27, 26, 36, 46, 56, 66, 76, 86),7)
(27,77,Set(27, 37, 47, 57, 67, 77),5)
(27,41,Set(27, 26, 25, 24, 23, 33, 32, 31, 41),8)
(27,32,Set(27, 26, 25, 24, 23, 33, 32),6)
(27,50,Set(27, 28, 29, 39, 40, 50),5)
(27,59,Set(27, 28, 29, 39, 49, 59),5)
(27,53,Set(27, 26, 25, 24, 23, 33, 43, 53),7)
(27,35,Set(27, 26, 25, 35),3)
(27,17,Set(27, 17),1)
(27,44,Set(27, 26, 25, 24, 34, 44),5)
(27,26,Set(27, 26),1)
(27,89,Set(27, 28, 29, 39, 49, 59, 69, 79, 89),8)
(27,80,Set(27, 28, 29, 39, 40, 50, 60, 70, 80),8)
(27,71,Set(27, 26, 25, 24, 23, 33, 43, 53, 52, 51, 61, 71),11)
(27,98,Set(27, 37, 47, 57, 67, 77, 87, 97, 98),8)
(27,11,Set(27, 26, 25, 24, 23, 13, 12, 11),7)
(27,74,Set(27, 26, 25, 24, 34, 44, 54, 64, 74),8)
(27,56,Set(27, 26, 36, 46, 56),4)
(27,38,Set(27, 28, 38),2)
(27,47,Set(27, 37, 47),2)
(27,29,Set(27, 28, 29),2)
(27,20,Set(27, 28, 29, 19, 20),4)
(27,65,Set(27, 26, 25, 35, 45, 55, 65),6)
(27,5,Set(27, 26, 25, 15, 5),4)
(27,14,Set(27, 26, 25, 24, 14),4)
(27,46,Set(27, 26, 36, 46),3)
(27,100,Set(27, 28, 29, 39, 40, 50, 60, 70, 80, 90, 100),10)
(27,91,Set(27, 26, 25, 24, 23, 33, 43, 53, 52, 51, 61, 71, 81, 91),13)
(27,73,Set(27, 26, 25, 24, 23, 33, 43, 53, 63, 73),9)
(27,64,Set(27, 26, 25, 24, 34, 44, 54, 64),7)
(27,55,Set(27, 26, 25, 35, 45, 55),5)
(27,94,Set(27, 26, 25, 24, 34, 44, 54, 64, 74, 84, 94),10)
(27,85,Set(27, 26, 25, 35, 45, 55, 65, 75, 85),8)
(27,67,Set(27, 37, 47, 57, 67),4)
(27,58,Set(27, 37, 47, 57, 58),4)
(27,40,Set(27, 28, 29, 39, 40),4)
(27,49,Set(27, 28, 29, 39, 49),4)
(27,4,Set(27, 26, 25, 24, 14, 4),5)
(27,13,Set(27, 26, 25, 24, 23, 13),5)
(27,31,Set(27, 26, 25, 24, 23, 33, 32, 31),7)
(27,76,Set(27, 26, 36, 46, 56, 66, 76),6)
(27,97,Set(27, 37, 47, 57, 67, 77, 87, 97),7)
(27,16,Set(27, 26, 16),2)
(27,79,Set(27, 28, 29, 39, 49, 59, 69, 79),7)
(27,7,Set(27, 17, 7),2)
(27,52,Set(27, 26, 25, 24, 23, 33, 43, 53, 52),8)
(27,70,Set(27, 28, 29, 39, 40, 50, 60, 70),7)
(27,43,Set(27, 26, 25, 24, 23, 33, 43),6)
(27,25,Set(27, 26, 25),2)
(27,34,Set(27, 26, 25, 24, 34),4)
(27,61,Set(27, 26, 25, 24, 23, 33, 43, 53, 52, 51, 61),10)
(27,10,Set(27, 28, 29, 19, 20, 10),5)
(27,37,Set(27, 37),1)
(27,1,Set(27, 26, 25, 24, 23, 13, 12, 11, 1),8)
(27,19,Set(27, 28, 29, 19),3)
(27,28,Set(27, 28),1)
(27,60,Set(27, 28, 29, 39, 40, 50, 60),6)
(27,87,Set(27, 37, 47, 57, 67, 77, 87),6)
(27,96,Set(27, 26, 36, 46, 56, 66, 76, 86, 96),8)
(27,78,Set(27, 37, 47, 57, 67, 77, 78),6)
(27,69,Set(27, 28, 29, 39, 49, 59, 69),6)
(27,99,Set(27, 28, 29, 39, 49, 59, 69, 79, 89, 99),9)
(27,90,Set(27, 28, 29, 39, 40, 50, 60, 70, 80, 90),9)
(27,63,Set(27, 26, 25, 24, 23, 33, 43, 53, 63),8)
(27,45,Set(27, 26, 25, 35, 45),4)
(27,54,Set(27, 26, 25, 24, 34, 44, 54),6)
(27,81,Set(27, 26, 25, 24, 23, 33, 43, 53, 52, 51, 61, 71, 81),12)
(27,72,Set(27, 26, 25, 24, 23, 33, 43, 53, 63, 73, 72),10)
(27,36,Set(27, 26, 36),2)
(27,18,Set(27, 28, 18),2)
(27,9,Set(27, 28, 29, 19, 9),4)
(27,21,Set(27, 26, 25, 24, 23, 13, 12, 11, 21),8)
(27,57,Set(27, 37, 47, 57),3)
(27,84,Set(27, 26, 25, 24, 34, 44, 54, 64, 74, 84),9)
(27,12,Set(27, 26, 25, 24, 23, 13, 12),6)
(27,3,Set(27, 26, 25, 24, 23, 13, 3),6)
(27,93,Set(27, 26, 25, 24, 23, 33, 43, 53, 63, 73, 83, 93),11)
(27,75,Set(27, 26, 25, 35, 45, 55, 65, 75),7)
(27,30,Set(27, 28, 29, 30),3)
(27,39,Set(27, 28, 29, 39),3)
(27,66,Set(27, 26, 36, 46, 56, 66),5)
(27,15,Set(27, 26, 25, 15),3)
(27,51,Set(27, 26, 25, 24, 23, 33, 43, 53, 52, 51),9)
(27,24,Set(27, 26, 25, 24),3)
(27,6,Set(27, 26, 16, 6),3)
(27,33,Set(27, 26, 25, 24, 23, 33),5)
(28,92,Set(28, 38, 37, 47, 57, 56, 55, 65, 75, 74, 73, 83, 93, 92),13)
(28,83,Set(28, 38, 37, 47, 57, 56, 55, 65, 75, 74, 73, 83),11)
(28,95,Set(28, 38, 37, 47, 57, 56, 55, 65, 75, 85, 95),10)
(28,23,Set(28, 27, 26, 25, 24, 23),5)
(28,86,Set(28, 38, 37, 47, 57, 56, 66, 76, 86),8)
(28,77,Set(28, 38, 37, 47, 57, 67, 77),6)
(28,41,Set(28, 38, 37, 36, 35, 34, 33, 32, 31, 41),9)
(28,32,Set(28, 38, 37, 36, 35, 34, 33, 32),7)
(28,50,Set(28, 29, 39, 40, 50),4)
(28,59,Set(28, 29, 39, 49, 59),4)
(28,53,Set(28, 38, 37, 47, 57, 56, 55, 54, 53),8)
(28,35,Set(28, 38, 37, 36, 35),4)
(28,17,Set(28, 18, 17),2)
(28,44,Set(28, 38, 37, 47, 46, 45, 44),6)
(28,26,Set(28, 27, 26),2)
(28,89,Set(28, 29, 39, 49, 59, 69, 79, 89),7)
(28,80,Set(28, 29, 39, 40, 50, 60, 70, 80),7)
(28,71,Set(28, 38, 37, 47, 57, 56, 55, 65, 75, 74, 73, 72, 71),12)
(28,98,Set(28, 29, 39, 49, 59, 69, 79, 89, 99, 98),9)
(28,11,Set(28, 18, 17, 16, 15, 14, 13, 12, 11),8)
(28,74,Set(28, 38, 37, 47, 57, 56, 55, 65, 75, 74),9)
(28,56,Set(28, 38, 37, 47, 57, 56),5)
(28,38,Set(28, 38),1)
(28,29,Set(28, 29),1)
(28,47,Set(28, 38, 37, 47),3)
(28,20,Set(28, 29, 19, 20),3)
(28,65,Set(28, 38, 37, 47, 57, 56, 55, 65),7)
(28,5,Set(28, 18, 17, 7, 6, 5),5)
(28,14,Set(28, 18, 17, 16, 15, 14),5)
(28,46,Set(28, 38, 37, 47, 46),4)
(28,100,Set(28, 29, 39, 40, 50, 60, 70, 80, 90, 100),9)
(28,91,Set(28, 38, 37, 47, 57, 56, 55, 65, 75, 74, 73, 72, 71, 81, 91),14)
(28,73,Set(28, 38, 37, 47, 57, 56, 55, 65, 75, 74, 73),10)
(28,64,Set(28, 38, 37, 47, 57, 56, 55, 65, 64),8)
(28,55,Set(28, 38, 37, 47, 57, 56, 55),6)
(28,94,Set(28, 38, 37, 47, 57, 56, 55, 65, 75, 74, 84, 94),11)
(28,85,Set(28, 38, 37, 47, 57, 56, 55, 65, 75, 85),9)
(28,67,Set(28, 38, 37, 47, 57, 67),5)
(28,58,Set(28, 29, 39, 49, 59, 58),5)
(28,40,Set(28, 29, 39, 40),3)
(28,49,Set(28, 29, 39, 49),3)
(28,4,Set(28, 18, 17, 7, 6, 5, 4),6)
(28,13,Set(28, 18, 17, 16, 15, 14, 13),6)
(28,31,Set(28, 38, 37, 36, 35, 34, 33, 32, 31),8)
(28,76,Set(28, 38, 37, 47, 57, 56, 66, 76),7)
(28,97,Set(28, 38, 37, 47, 57, 67, 77, 87, 97),8)
(28,16,Set(28, 18, 17, 16),3)
(28,7,Set(28, 18, 17, 7),3)
(28,79,Set(28, 29, 39, 49, 59, 69, 79),6)
(28,52,Set(28, 38, 37, 47, 57, 56, 55, 54, 53, 52),9)
(28,43,Set(28, 38, 37, 47, 46, 45, 44, 43),7)
(28,70,Set(28, 29, 39, 40, 50, 60, 70),6)
(28,25,Set(28, 27, 26, 25),3)
(28,34,Set(28, 38, 37, 36, 35, 34),5)
(28,61,Set(28, 38, 37, 47, 57, 56, 55, 54, 53, 52, 51, 61),11)
(28,10,Set(28, 29, 19, 20, 10),4)
(28,37,Set(28, 38, 37),2)
(28,1,Set(28, 18, 17, 16, 15, 14, 13, 12, 11, 1),9)
(28,19,Set(28, 29, 19),2)
(28,60,Set(28, 29, 39, 40, 50, 60),5)
(28,87,Set(28, 38, 37, 47, 57, 67, 77, 87),7)
(28,96,Set(28, 38, 37, 47, 57, 56, 66, 76, 86, 96),9)
(28,78,Set(28, 29, 39, 49, 59, 69, 79, 78),7)
(28,69,Set(28, 29, 39, 49, 59, 69),5)
(28,63,Set(28, 38, 37, 47, 57, 56, 55, 65, 64, 63),9)
(28,99,Set(28, 29, 39, 49, 59, 69, 79, 89, 99),8)
(28,90,Set(28, 29, 39, 40, 50, 60, 70, 80, 90),8)
(28,45,Set(28, 38, 37, 47, 46, 45),5)
(28,54,Set(28, 38, 37, 47, 57, 56, 55, 54),7)
(28,81,Set(28, 38, 37, 47, 57, 56, 55, 65, 75, 74, 73, 72, 71, 81),13)
(28,72,Set(28, 38, 37, 47, 57, 56, 55, 65, 75, 74, 73, 72),11)
(28,27,Set(28, 27),1)
(28,36,Set(28, 38, 37, 36),3)
(28,9,Set(28, 29, 19, 9),3)
(28,18,Set(28, 18),1)
(28,21,Set(28, 18, 17, 16, 15, 14, 13, 12, 11, 21),9)
(28,57,Set(28, 38, 37, 47, 57),4)
(28,84,Set(28, 38, 37, 47, 57, 56, 55, 65, 75, 74, 84),10)
(28,12,Set(28, 18, 17, 16, 15, 14, 13, 12),7)
(28,3,Set(28, 18, 17, 7, 6, 5, 4, 3),7)
(28,93,Set(28, 38, 37, 47, 57, 56, 55, 65, 75, 74, 73, 83, 93),12)
(28,75,Set(28, 38, 37, 47, 57, 56, 55, 65, 75),8)
(28,30,Set(28, 29, 30),2)
(28,39,Set(28, 29, 39),2)
(28,66,Set(28, 38, 37, 47, 57, 56, 66),6)
(28,15,Set(28, 18, 17, 16, 15),4)
(28,51,Set(28, 38, 37, 47, 57, 56, 55, 54, 53, 52, 51),10)
(28,24,Set(28, 27, 26, 25, 24),4)
(28,6,Set(28, 18, 17, 7, 6),4)
(28,33,Set(28, 38, 37, 36, 35, 34, 33),6)
(29,92,Set(29, 28, 38, 37, 47, 57, 56, 55, 65, 75, 74, 73, 83, 93, 92),14)
(29,83,Set(29, 28, 38, 37, 47, 57, 56, 55, 65, 75, 74, 73, 83),12)
(29,95,Set(29, 28, 38, 37, 47, 57, 56, 55, 65, 75, 85, 95),11)
(29,23,Set(29, 28, 27, 26, 25, 24, 23),6)
(29,86,Set(29, 28, 38, 37, 47, 57, 56, 66, 76, 86),9)
(29,77,Set(29, 28, 38, 37, 47, 57, 67, 77),7)
(29,41,Set(29, 28, 38, 37, 36, 35, 34, 33, 32, 31, 41),10)
(29,32,Set(29, 28, 38, 37, 36, 35, 34, 33, 32),8)
(29,59,Set(29, 39, 49, 59),3)
(29,50,Set(29, 39, 40, 50),3)
(29,53,Set(29, 28, 38, 37, 47, 57, 56, 55, 54, 53),9)
(29,44,Set(29, 28, 38, 37, 47, 46, 45, 44),7)
(29,17,Set(29, 28, 18, 17),3)
(29,35,Set(29, 28, 38, 37, 36, 35),5)
(29,26,Set(29, 28, 27, 26),3)
(29,80,Set(29, 39, 40, 50, 60, 70, 80),6)
(29,89,Set(29, 39, 49, 59, 69, 79, 89),6)
(29,71,Set(29, 28, 38, 37, 47, 57, 56, 55, 65, 75, 74, 73, 72, 71),13)
(29,98,Set(29, 39, 49, 59, 69, 79, 89, 99, 98),8)
(29,11,Set(29, 28, 18, 17, 16, 15, 14, 13, 12, 11),9)
(29,74,Set(29, 28, 38, 37, 47, 57, 56, 55, 65, 75, 74),10)
(29,56,Set(29, 28, 38, 37, 47, 57, 56),6)
(29,47,Set(29, 28, 38, 37, 47),4)
(29,38,Set(29, 28, 38),2)
(29,20,Set(29, 19, 20),2)
(29,65,Set(29, 28, 38, 37, 47, 57, 56, 55, 65),8)
(29,5,Set(29, 28, 18, 17, 7, 6, 5),6)
(29,14,Set(29, 28, 18, 17, 16, 15, 14),6)
(29,46,Set(29, 28, 38, 37, 47, 46),5)
(29,100,Set(29, 39, 40, 50, 60, 70, 80, 90, 100),8)
(29,91,Set(29, 28, 38, 37, 47, 57, 56, 55, 65, 75, 74, 73, 72, 71, 81, 91),15)
(29,73,Set(29, 28, 38, 37, 47, 57, 56, 55, 65, 75, 74, 73),11)
(29,64,Set(29, 28, 38, 37, 47, 57, 56, 55, 65, 64),9)
(29,55,Set(29, 28, 38, 37, 47, 57, 56, 55),7)
(29,94,Set(29, 28, 38, 37, 47, 57, 56, 55, 65, 75, 74, 84, 94),12)
(29,85,Set(29, 28, 38, 37, 47, 57, 56, 55, 65, 75, 85),10)
(29,58,Set(29, 39, 49, 59, 58),4)
(29,67,Set(29, 28, 38, 37, 47, 57, 67),6)
(29,40,Set(29, 39, 40),2)
(29,49,Set(29, 39, 49),2)
(29,4,Set(29, 28, 18, 17, 7, 6, 5, 4),7)
(29,13,Set(29, 28, 18, 17, 16, 15, 14, 13),7)
(29,31,Set(29, 28, 38, 37, 36, 35, 34, 33, 32, 31),9)
(29,76,Set(29, 28, 38, 37, 47, 57, 56, 66, 76),8)
(29,97,Set(29, 28, 38, 37, 47, 57, 67, 77, 87, 97),9)
(29,16,Set(29, 28, 18, 17, 16),4)
(29,7,Set(29, 28, 18, 17, 7),4)
(29,79,Set(29, 39, 49, 59, 69, 79),5)
(29,52,Set(29, 28, 38, 37, 47, 57, 56, 55, 54, 53, 52),10)
(29,43,Set(29, 28, 38, 37, 47, 46, 45, 44, 43),8)
(29,70,Set(29, 39, 40, 50, 60, 70),5)
(29,25,Set(29, 28, 27, 26, 25),4)
(29,34,Set(29, 28, 38, 37, 36, 35, 34),6)
(29,61,Set(29, 28, 38, 37, 47, 57, 56, 55, 54, 53, 52, 51, 61),12)
(29,10,Set(29, 19, 20, 10),3)
(29,37,Set(29, 28, 38, 37),3)
(29,1,Set(29, 28, 18, 17, 16, 15, 14, 13, 12, 11, 1),10)
(29,19,Set(29, 19),1)
(29,28,Set(29, 28),1)
(29,60,Set(29, 39, 40, 50, 60),4)
(29,87,Set(29, 28, 38, 37, 47, 57, 67, 77, 87),8)
(29,96,Set(29, 28, 38, 37, 47, 57, 56, 66, 76, 86, 96),10)
(29,69,Set(29, 39, 49, 59, 69),4)
(29,78,Set(29, 39, 49, 59, 69, 79, 78),6)
(29,63,Set(29, 28, 38, 37, 47, 57, 56, 55, 65, 64, 63),10)
(29,90,Set(29, 39, 40, 50, 60, 70, 80, 90),7)
(29,99,Set(29, 39, 49, 59, 69, 79, 89, 99),7)
(29,54,Set(29, 28, 38, 37, 47, 57, 56, 55, 54),8)
(29,45,Set(29, 28, 38, 37, 47, 46, 45),6)
(29,81,Set(29, 28, 38, 37, 47, 57, 56, 55, 65, 75, 74, 73, 72, 71, 81),14)
(29,72,Set(29, 28, 38, 37, 47, 57, 56, 55, 65, 75, 74, 73, 72),12)
(29,36,Set(29, 28, 38, 37, 36),4)
(29,27,Set(29, 28, 27),2)
(29,9,Set(29, 19, 9),2)
(29,18,Set(29, 28, 18),2)
(29,21,Set(29, 28, 18, 17, 16, 15, 14, 13, 12, 11, 21),10)
(29,57,Set(29, 28, 38, 37, 47, 57),5)
(29,84,Set(29, 28, 38, 37, 47, 57, 56, 55, 65, 75, 74, 84),11)
(29,12,Set(29, 28, 18, 17, 16, 15, 14, 13, 12),8)
(29,3,Set(29, 28, 18, 17, 7, 6, 5, 4, 3),8)
(29,93,Set(29, 28, 38, 37, 47, 57, 56, 55, 65, 75, 74, 73, 83, 93),13)
(29,75,Set(29, 28, 38, 37, 47, 57, 56, 55, 65, 75),9)
(29,30,Set(29, 30),1)
(29,39,Set(29, 39),1)
(29,66,Set(29, 28, 38, 37, 47, 57, 56, 66),7)
(29,15,Set(29, 28, 18, 17, 16, 15),5)
(29,51,Set(29, 28, 38, 37, 47, 57, 56, 55, 54, 53, 52, 51),11)
(29,33,Set(29, 28, 38, 37, 36, 35, 34, 33),7)
(29,6,Set(29, 28, 18, 17, 7, 6),5)
(29,24,Set(29, 28, 27, 26, 25, 24),5)
(30,92,Set(30, 29, 28, 38, 37, 47, 57, 56, 55, 65, 75, 74, 73, 83, 93, 92),15)
(30,83,Set(30, 29, 28, 38, 37, 47, 57, 56, 55, 65, 75, 74, 73, 83),13)
(30,95,Set(30, 29, 28, 38, 37, 47, 57, 56, 55, 65, 75, 85, 95),12)
(30,23,Set(30, 29, 28, 27, 26, 25, 24, 23),7)
(30,86,Set(30, 29, 28, 38, 37, 47, 57, 56, 66, 76, 86),10)
(30,77,Set(30, 29, 28, 38, 37, 47, 57, 67, 77),8)
(30,41,Set(30, 29, 28, 38, 37, 36, 35, 34, 33, 32, 31, 41),11)
(30,32,Set(30, 29, 28, 38, 37, 36, 35, 34, 33, 32),9)
(30,59,Set(30, 29, 39, 49, 59),4)
(30,50,Set(30, 40, 50),2)
(30,53,Set(30, 29, 28, 38, 37, 47, 57, 56, 55, 54, 53),10)
(30,44,Set(30, 29, 28, 38, 37, 47, 46, 45, 44),8)
(30,17,Set(30, 29, 28, 18, 17),4)
(30,35,Set(30, 29, 28, 38, 37, 36, 35),6)
(30,26,Set(30, 29, 28, 27, 26),4)
(30,80,Set(30, 40, 50, 60, 70, 80),5)
(30,89,Set(30, 29, 39, 49, 59, 69, 79, 89),7)
(30,71,Set(30, 29, 28, 38, 37, 47, 57, 56, 55, 65, 75, 74, 73, 72, 71),14)
(30,98,Set(30, 29, 39, 49, 59, 69, 79, 89, 99, 98),9)
(30,11,Set(30, 29, 28, 18, 17, 16, 15, 14, 13, 12, 11),10)
(30,74,Set(30, 29, 28, 38, 37, 47, 57, 56, 55, 65, 75, 74),11)
(30,56,Set(30, 29, 28, 38, 37, 47, 57, 56),7)
(30,29,Set(30, 29),1)
(30,38,Set(30, 29, 28, 38),3)
(30,47,Set(30, 29, 28, 38, 37, 47),5)
(30,20,Set(30, 20),1)
(30,65,Set(30, 29, 28, 38, 37, 47, 57, 56, 55, 65),9)
(30,5,Set(30, 29, 28, 18, 17, 7, 6, 5),7)
(30,14,Set(30, 29, 28, 18, 17, 16, 15, 14),7)
(30,46,Set(30, 29, 28, 38, 37, 47, 46),6)
(30,100,Set(30, 40, 50, 60, 70, 80, 90, 100),7)
(30,91,Set(30, 29, 28, 38, 37, 47, 57, 56, 55, 65, 75, 74, 73, 72, 71, 81, 91),16)
(30,73,Set(30, 29, 28, 38, 37, 47, 57, 56, 55, 65, 75, 74, 73),12)
(30,64,Set(30, 29, 28, 38, 37, 47, 57, 56, 55, 65, 64),10)
(30,55,Set(30, 29, 28, 38, 37, 47, 57, 56, 55),8)
(30,94,Set(30, 29, 28, 38, 37, 47, 57, 56, 55, 65, 75, 74, 84, 94),13)
(30,85,Set(30, 29, 28, 38, 37, 47, 57, 56, 55, 65, 75, 85),11)
(30,58,Set(30, 29, 39, 49, 59, 58),5)
(30,67,Set(30, 29, 28, 38, 37, 47, 57, 67),7)
(30,40,Set(30, 40),1)
(30,49,Set(30, 29, 39, 49),3)
(30,4,Set(30, 29, 28, 18, 17, 7, 6, 5, 4),8)
(30,13,Set(30, 29, 28, 18, 17, 16, 15, 14, 13),8)
(30,31,Set(30, 29, 28, 38, 37, 36, 35, 34, 33, 32, 31),10)
(30,76,Set(30, 29, 28, 38, 37, 47, 57, 56, 66, 76),9)
(30,97,Set(30, 29, 28, 38, 37, 47, 57, 67, 77, 87, 97),10)
(30,16,Set(30, 29, 28, 18, 17, 16),5)
(30,7,Set(30, 29, 28, 18, 17, 7),5)
(30,79,Set(30, 29, 39, 49, 59, 69, 79),6)
(30,52,Set(30, 29, 28, 38, 37, 47, 57, 56, 55, 54, 53, 52),11)
(30,43,Set(30, 29, 28, 38, 37, 47, 46, 45, 44, 43),9)
(30,70,Set(30, 40, 50, 60, 70),4)
(30,25,Set(30, 29, 28, 27, 26, 25),5)
(30,34,Set(30, 29, 28, 38, 37, 36, 35, 34),7)
(30,61,Set(30, 29, 28, 38, 37, 47, 57, 56, 55, 54, 53, 52, 51, 61),13)
(30,10,Set(30, 20, 10),2)
(30,37,Set(30, 29, 28, 38, 37),4)
(30,1,Set(30, 29, 28, 18, 17, 16, 15, 14, 13, 12, 11, 1),11)
(30,19,Set(30, 29, 19),2)
(30,28,Set(30, 29, 28),2)
(30,60,Set(30, 40, 50, 60),3)
(30,87,Set(30, 29, 28, 38, 37, 47, 57, 67, 77, 87),9)
(30,96,Set(30, 29, 28, 38, 37, 47, 57, 56, 66, 76, 86, 96),11)
(30,69,Set(30, 29, 39, 49, 59, 69),5)
(30,78,Set(30, 29, 39, 49, 59, 69, 79, 78),7)
(30,63,Set(30, 29, 28, 38, 37, 47, 57, 56, 55, 65, 64, 63),11)
(30,90,Set(30, 40, 50, 60, 70, 80, 90),6)
(30,99,Set(30, 29, 39, 49, 59, 69, 79, 89, 99),8)
(30,54,Set(30, 29, 28, 38, 37, 47, 57, 56, 55, 54),9)
(30,45,Set(30, 29, 28, 38, 37, 47, 46, 45),7)
(30,81,Set(30, 29, 28, 38, 37, 47, 57, 56, 55, 65, 75, 74, 73, 72, 71, 81),15)
(30,72,Set(30, 29, 28, 38, 37, 47, 57, 56, 55, 65, 75, 74, 73, 72),13)
(30,36,Set(30, 29, 28, 38, 37, 36),5)
(30,27,Set(30, 29, 28, 27),3)
(30,9,Set(30, 29, 19, 9),3)
(30,18,Set(30, 29, 28, 18),3)
(30,21,Set(30, 29, 28, 18, 17, 16, 15, 14, 13, 12, 11, 21),11)
(30,57,Set(30, 29, 28, 38, 37, 47, 57),6)
(30,84,Set(30, 29, 28, 38, 37, 47, 57, 56, 55, 65, 75, 74, 84),12)
(30,12,Set(30, 29, 28, 18, 17, 16, 15, 14, 13, 12),9)
(30,3,Set(30, 29, 28, 18, 17, 7, 6, 5, 4, 3),9)
(30,93,Set(30, 29, 28, 38, 37, 47, 57, 56, 55, 65, 75, 74, 73, 83, 93),14)
(30,75,Set(30, 29, 28, 38, 37, 47, 57, 56, 55, 65, 75),10)
(30,39,Set(30, 29, 39),2)
(30,66,Set(30, 29, 28, 38, 37, 47, 57, 56, 66),8)
(30,15,Set(30, 29, 28, 18, 17, 16, 15),6)
(30,51,Set(30, 29, 28, 38, 37, 47, 57, 56, 55, 54, 53, 52, 51),12)
(30,33,Set(30, 29, 28, 38, 37, 36, 35, 34, 33),8)
(30,6,Set(30, 29, 28, 18, 17, 7, 6),6)
(30,24,Set(30, 29, 28, 27, 26, 25, 24),6)
(31,92,Set(31, 41, 51, 61, 71, 81, 91, 92),7)
(31,83,Set(31, 41, 51, 61, 71, 72, 73, 83),7)
(31,95,Set(31, 41, 51, 61, 71, 72, 73, 83, 93, 94, 95),10)
(31,23,Set(31, 32, 33, 23),3)
(31,86,Set(31, 41, 51, 61, 71, 72, 73, 83, 84, 85, 86),10)
(31,77,Set(31, 41, 51, 61, 71, 72, 73, 74, 75, 76, 77),10)
(31,50,Set(31, 32, 33, 34, 35, 36, 37, 38, 39, 40, 50),10)
(31,59,Set(31, 41, 51, 52, 53, 54, 55, 56, 57, 58, 59),10)
(31,32,Set(31, 32),1)
(31,41,Set(31, 41),1)
(31,53,Set(31, 41, 51, 52, 53),4)
(31,17,Set(31, 21, 11, 12, 13, 14, 15, 16, 17),8)
(31,44,Set(31, 32, 33, 43, 44),4)
(31,35,Set(31, 32, 33, 34, 35),4)
(31,26,Set(31, 32, 33, 23, 24, 25, 26),6)
(31,80,Set(31, 41, 51, 61, 71, 72, 73, 74, 75, 76, 77, 78, 79, 80),13)
(31,89,Set(31, 41, 51, 61, 71, 72, 73, 74, 75, 76, 77, 78, 79, 89),13)
(31,98,Set(31, 41, 51, 61, 71, 72, 73, 83, 93, 94, 95, 96, 97, 98),13)
(31,71,Set(31, 41, 51, 61, 71),4)
(31,11,Set(31, 21, 11),2)
(31,74,Set(31, 41, 51, 61, 71, 72, 73, 74),7)
(31,56,Set(31, 41, 51, 52, 53, 54, 55, 56),7)
(31,29,Set(31, 32, 33, 23, 24, 25, 26, 27, 28, 29),9)
(31,47,Set(31, 32, 33, 43, 44, 45, 46, 47),7)
(31,38,Set(31, 32, 33, 34, 35, 36, 37, 38),7)
(31,20,Set(31, 21, 11, 12, 13, 14, 15, 16, 17, 18, 19, 20),11)
(31,65,Set(31, 41, 51, 52, 53, 54, 55, 65),7)
(31,5,Set(31, 21, 11, 12, 13, 14, 4, 5),7)
(31,14,Set(31, 21, 11, 12, 13, 14),5)
(31,46,Set(31, 32, 33, 43, 44, 45, 46),6)
(31,100,Set(31, 41, 51, 61, 71, 72, 73, 83, 93, 94, 95, 96, 97, 98, 99, 100),15)
(31,91,Set(31, 41, 51, 61, 71, 81, 91),6)
(31,55,Set(31, 41, 51, 52, 53, 54, 55),6)
(31,64,Set(31, 41, 51, 52, 53, 54, 64),6)
(31,73,Set(31, 41, 51, 61, 71, 72, 73),6)
(31,94,Set(31, 41, 51, 61, 71, 72, 73, 83, 93, 94),9)
(31,85,Set(31, 41, 51, 61, 71, 72, 73, 83, 84, 85),9)
(31,58,Set(31, 41, 51, 52, 53, 54, 55, 56, 57, 58),9)
(31,67,Set(31, 41, 51, 52, 53, 54, 55, 65, 66, 67),9)
(31,40,Set(31, 32, 33, 34, 35, 36, 37, 38, 39, 40),9)
(31,49,Set(31, 32, 33, 34, 35, 36, 37, 38, 39, 49),9)
(31,13,Set(31, 21, 11, 12, 13),4)
(31,4,Set(31, 21, 11, 12, 13, 14, 4),6)
(31,76,Set(31, 41, 51, 61, 71, 72, 73, 74, 75, 76),9)
(31,97,Set(31, 41, 51, 61, 71, 72, 73, 83, 93, 94, 95, 96, 97),12)
(31,16,Set(31, 21, 11, 12, 13, 14, 15, 16),7)
(31,79,Set(31, 41, 51, 61, 71, 72, 73, 74, 75, 76, 77, 78, 79),12)
(31,7,Set(31, 21, 11, 12, 13, 14, 4, 5, 6, 7),9)
(31,70,Set(31, 41, 51, 52, 53, 54, 55, 56, 57, 58, 59, 69, 70),12)
(31,43,Set(31, 32, 33, 43),3)
(31,52,Set(31, 41, 51, 52),3)
(31,25,Set(31, 32, 33, 23, 24, 25),5)
(31,34,Set(31, 32, 33, 34),3)
(31,61,Set(31, 41, 51, 61),3)
(31,10,Set(31, 21, 11, 12, 13, 14, 15, 16, 17, 18, 19, 20, 10),12)
(31,37,Set(31, 32, 33, 34, 35, 36, 37),6)
(31,1,Set(31, 21, 11, 1),3)
(31,19,Set(31, 21, 11, 12, 13, 14, 15, 16, 17, 18, 19),10)
(31,28,Set(31, 32, 33, 23, 24, 25, 26, 27, 28),8)
(31,60,Set(31, 41, 51, 52, 53, 54, 55, 56, 57, 58, 59, 60),11)
(31,87,Set(31, 41, 51, 61, 71, 72, 73, 83, 84, 85, 86, 87),11)
(31,96,Set(31, 41, 51, 61, 71, 72, 73, 83, 93, 94, 95, 96),11)
(31,69,Set(31, 41, 51, 52, 53, 54, 55, 56, 57, 58, 59, 69),11)
(31,78,Set(31, 41, 51, 61, 71, 72, 73, 74, 75, 76, 77, 78),11)
(31,90,Set(31, 41, 51, 61, 71, 72, 73, 74, 75, 76, 77, 78, 79, 80, 90),14)
(31,99,Set(31, 41, 51, 61, 71, 72, 73, 83, 93, 94, 95, 96, 97, 98, 99),14)
(31,63,Set(31, 41, 51, 52, 53, 63),5)
(31,54,Set(31, 41, 51, 52, 53, 54),5)
(31,45,Set(31, 32, 33, 43, 44, 45),5)
(31,81,Set(31, 41, 51, 61, 71, 81),5)
(31,72,Set(31, 41, 51, 61, 71, 72),5)
(31,36,Set(31, 32, 33, 34, 35, 36),5)
(31,27,Set(31, 32, 33, 23, 24, 25, 26, 27),7)
(31,9,Set(31, 21, 11, 12, 13, 14, 15, 16, 17, 18, 19, 9),11)
(31,18,Set(31, 21, 11, 12, 13, 14, 15, 16, 17, 18),9)
(31,21,Set(31, 21),1)
(31,57,Set(31, 41, 51, 52, 53, 54, 55, 56, 57),8)
(31,84,Set(31, 41, 51, 61, 71, 72, 73, 83, 84),8)
(31,12,Set(31, 21, 11, 12),3)
(31,3,Set(31, 21, 11, 12, 13, 3),5)
(31,93,Set(31, 41, 51, 61, 71, 72, 73, 83, 93),8)
(31,75,Set(31, 41, 51, 61, 71, 72, 73, 74, 75),8)
(31,30,Set(31, 32, 33, 23, 24, 25, 26, 27, 28, 29, 30),10)
(31,39,Set(31, 32, 33, 34, 35, 36, 37, 38, 39),8)
(31,66,Set(31, 41, 51, 52, 53, 54, 55, 65, 66),8)
(31,15,Set(31, 21, 11, 12, 13, 14, 15),6)
(31,51,Set(31, 41, 51),2)
(31,6,Set(31, 21, 11, 12, 13, 14, 4, 5, 6),8)
(31,24,Set(31, 32, 33, 23, 24),4)
(31,33,Set(31, 32, 33),2)
(32,92,Set(32, 31, 41, 51, 61, 71, 81, 91, 92),8)
(32,83,Set(32, 33, 43, 53, 63, 73, 83),6)
(32,95,Set(32, 33, 43, 44, 54, 55, 65, 75, 85, 95),9)
(32,23,Set(32, 33, 23),2)
(32,86,Set(32, 33, 43, 44, 54, 55, 65, 75, 76, 86),9)
(32,77,Set(32, 33, 43, 44, 54, 55, 65, 75, 76, 77),9)
(32,50,Set(32, 33, 34, 35, 36, 37, 38, 39, 40, 50),9)
(32,59,Set(32, 33, 43, 44, 54, 55, 56, 57, 58, 59),9)
(32,41,Set(32, 31, 41),2)
(32,53,Set(32, 33, 43, 53),3)
(32,35,Set(32, 33, 34, 35),3)
(32,44,Set(32, 33, 43, 44),3)
(32,17,Set(32, 33, 23, 24, 14, 15, 16, 17),7)
(32,26,Set(32, 33, 23, 24, 25, 26),5)
(32,80,Set(32, 33, 43, 44, 54, 55, 65, 75, 76, 77, 78, 79, 80),12)
(32,89,Set(32, 33, 43, 44, 54, 55, 65, 75, 76, 77, 78, 79, 89),12)
(32,98,Set(32, 33, 43, 44, 54, 55, 65, 75, 76, 77, 87, 97, 98),12)
(32,71,Set(32, 31, 41, 51, 61, 71),5)
(32,11,Set(32, 31, 21, 11),3)
(32,74,Set(32, 33, 43, 44, 54, 64, 74),6)
(32,56,Set(32, 33, 43, 44, 54, 55, 56),6)
(32,29,Set(32, 33, 23, 24, 25, 26, 27, 28, 29),8)
(32,47,Set(32, 33, 43, 44, 45, 46, 47),6)
(32,38,Set(32, 33, 34, 35, 36, 37, 38),6)
(32,20,Set(32, 33, 23, 24, 14, 15, 16, 17, 18, 19, 20),10)
(32,65,Set(32, 33, 43, 44, 54, 55, 65),6)
(32,5,Set(32, 33, 23, 24, 14, 4, 5),6)
(32,14,Set(32, 33, 23, 24, 14),4)
(32,46,Set(32, 33, 43, 44, 45, 46),5)
(32,100,Set(32, 33, 43, 44, 54, 55, 65, 75, 76, 77, 87, 97, 98, 99, 100),14)
(32,91,Set(32, 31, 41, 51, 61, 71, 81, 91),7)
(32,55,Set(32, 33, 43, 44, 54, 55),5)
(32,64,Set(32, 33, 43, 44, 54, 64),5)
(32,73,Set(32, 33, 43, 53, 63, 73),5)
(32,94,Set(32, 33, 43, 44, 54, 64, 74, 84, 94),8)
(32,85,Set(32, 33, 43, 44, 54, 55, 65, 75, 85),8)
(32,58,Set(32, 33, 43, 44, 54, 55, 56, 57, 58),8)
(32,67,Set(32, 33, 43, 44, 54, 55, 65, 66, 67),8)
(32,40,Set(32, 33, 34, 35, 36, 37, 38, 39, 40),8)
(32,49,Set(32, 33, 34, 35, 36, 37, 38, 39, 49),8)
(32,13,Set(32, 33, 23, 13),3)
(32,4,Set(32, 33, 23, 24, 14, 4),5)
(32,76,Set(32, 33, 43, 44, 54, 55, 65, 75, 76),8)
(32,31,Set(32, 31),1)
(32,97,Set(32, 33, 43, 44, 54, 55, 65, 75, 76, 77, 87, 97),11)
(32,16,Set(32, 33, 23, 24, 14, 15, 16),6)
(32,79,Set(32, 33, 43, 44, 54, 55, 65, 75, 76, 77, 78, 79),11)
(32,7,Set(32, 33, 23, 24, 14, 4, 5, 6, 7),8)
(32,70,Set(32, 33, 43, 44, 54, 55, 56, 57, 58, 59, 69, 70),11)
(32,52,Set(32, 31, 41, 51, 52),4)
(32,43,Set(32, 33, 43),2)
(32,25,Set(32, 33, 23, 24, 25),4)
(32,34,Set(32, 33, 34),2)
(32,61,Set(32, 31, 41, 51, 61),4)
(32,10,Set(32, 33, 23, 24, 14, 15, 16, 17, 18, 19, 20, 10),11)
(32,37,Set(32, 33, 34, 35, 36, 37),5)
(32,1,Set(32, 31, 21, 11, 1),4)
(32,19,Set(32, 33, 23, 24, 14, 15, 16, 17, 18, 19),9)
(32,28,Set(32, 33, 23, 24, 25, 26, 27, 28),7)
(32,60,Set(32, 33, 43, 44, 54, 55, 56, 57, 58, 59, 60),10)
(32,87,Set(32, 33, 43, 44, 54, 55, 65, 75, 76, 77, 87),10)
(32,96,Set(32, 33, 43, 44, 54, 55, 65, 75, 76, 86, 96),10)
(32,69,Set(32, 33, 43, 44, 54, 55, 56, 57, 58, 59, 69),10)
(32,78,Set(32, 33, 43, 44, 54, 55, 65, 75, 76, 77, 78),10)
(32,90,Set(32, 33, 43, 44, 54, 55, 65, 75, 76, 77, 78, 79, 80, 90),13)
(32,99,Set(32, 33, 43, 44, 54, 55, 65, 75, 76, 77, 87, 97, 98, 99),13)
(32,63,Set(32, 33, 43, 53, 63),4)
(32,54,Set(32, 33, 43, 44, 54),4)
(32,45,Set(32, 33, 43, 44, 45),4)
(32,72,Set(32, 31, 41, 51, 61, 71, 72),6)
(32,81,Set(32, 31, 41, 51, 61, 71, 81),6)
(32,36,Set(32, 33, 34, 35, 36),4)
(32,27,Set(32, 33, 23, 24, 25, 26, 27),6)
(32,9,Set(32, 33, 23, 24, 14, 15, 16, 17, 18, 19, 9),10)
(32,18,Set(32, 33, 23, 24, 14, 15, 16, 17, 18),8)
(32,21,Set(32, 31, 21),2)
(32,57,Set(32, 33, 43, 44, 54, 55, 56, 57),7)
(32,84,Set(32, 33, 43, 44, 54, 64, 74, 84),7)
(32,3,Set(32, 33, 23, 13, 3),4)
(32,12,Set(32, 31, 21, 11, 12),4)
(32,93,Set(32, 33, 43, 53, 63, 73, 83, 93),7)
(32,75,Set(32, 33, 43, 44, 54, 55, 65, 75),7)
(32,30,Set(32, 33, 23, 24, 25, 26, 27, 28, 29, 30),9)
(32,39,Set(32, 33, 34, 35, 36, 37, 38, 39),7)
(32,66,Set(32, 33, 43, 44, 54, 55, 65, 66),7)
(32,15,Set(32, 33, 23, 24, 14, 15),5)
(32,51,Set(32, 31, 41, 51),3)
(32,6,Set(32, 33, 23, 24, 14, 4, 5, 6),7)
(32,33,Set(32, 33),1)
(32,24,Set(32, 33, 23, 24),3)
(33,92,Set(33, 43, 53, 63, 73, 83, 93, 92),7)
(33,83,Set(33, 43, 53, 63, 73, 83),5)
(33,95,Set(33, 43, 44, 54, 55, 65, 75, 85, 95),8)
(33,23,Set(33, 23),1)
(33,86,Set(33, 43, 44, 54, 55, 65, 75, 76, 86),8)
(33,77,Set(33, 43, 44, 54, 55, 65, 75, 76, 77),8)
(33,50,Set(33, 34, 35, 36, 37, 38, 39, 40, 50),8)
(33,59,Set(33, 43, 44, 54, 55, 56, 57, 58, 59),8)
(33,41,Set(33, 32, 31, 41),3)
(33,32,Set(33, 32),1)
(33,53,Set(33, 43, 53),2)
(33,35,Set(33, 34, 35),2)
(33,44,Set(33, 43, 44),2)
(33,17,Set(33, 23, 24, 14, 15, 16, 17),6)
(33,26,Set(33, 23, 24, 25, 26),4)
(33,80,Set(33, 43, 44, 54, 55, 65, 75, 76, 77, 78, 79, 80),11)
(33,89,Set(33, 43, 44, 54, 55, 65, 75, 76, 77, 78, 79, 89),11)
(33,98,Set(33, 43, 44, 54, 55, 65, 75, 76, 77, 87, 97, 98),11)
(33,71,Set(33, 43, 53, 52, 51, 61, 71),6)
(33,11,Set(33, 23, 13, 12, 11),4)
(33,74,Set(33, 43, 44, 54, 64, 74),5)
(33,56,Set(33, 43, 44, 54, 55, 56),5)
(33,29,Set(33, 23, 24, 25, 26, 27, 28, 29),7)
(33,47,Set(33, 43, 44, 45, 46, 47),5)
(33,38,Set(33, 34, 35, 36, 37, 38),5)
(33,20,Set(33, 23, 24, 14, 15, 16, 17, 18, 19, 20),9)
(33,65,Set(33, 43, 44, 54, 55, 65),5)
(33,5,Set(33, 23, 24, 14, 4, 5),5)
(33,14,Set(33, 23, 24, 14),3)
(33,46,Set(33, 43, 44, 45, 46),4)
(33,100,Set(33, 43, 44, 54, 55, 65, 75, 76, 77, 87, 97, 98, 99, 100),13)
(33,91,Set(33, 43, 53, 52, 51, 61, 71, 81, 91),8)
(33,55,Set(33, 43, 44, 54, 55),4)
(33,64,Set(33, 43, 44, 54, 64),4)
(33,73,Set(33, 43, 53, 63, 73),4)
(33,94,Set(33, 43, 44, 54, 64, 74, 84, 94),7)
(33,85,Set(33, 43, 44, 54, 55, 65, 75, 85),7)
(33,58,Set(33, 43, 44, 54, 55, 56, 57, 58),7)
(33,67,Set(33, 43, 44, 54, 55, 65, 66, 67),7)
(33,40,Set(33, 34, 35, 36, 37, 38, 39, 40),7)
(33,49,Set(33, 34, 35, 36, 37, 38, 39, 49),7)
(33,13,Set(33, 23, 13),2)
(33,4,Set(33, 23, 24, 14, 4),4)
(33,76,Set(33, 43, 44, 54, 55, 65, 75, 76),7)
(33,31,Set(33, 32, 31),2)
(33,97,Set(33, 43, 44, 54, 55, 65, 75, 76, 77, 87, 97),10)
(33,16,Set(33, 23, 24, 14, 15, 16),5)
(33,79,Set(33, 43, 44, 54, 55, 65, 75, 76, 77, 78, 79),10)
(33,7,Set(33, 23, 24, 14, 4, 5, 6, 7),7)
(33,70,Set(33, 43, 44, 54, 55, 56, 57, 58, 59, 69, 70),10)
(33,52,Set(33, 43, 53, 52),3)
(33,43,Set(33, 43),1)
(33,25,Set(33, 23, 24, 25),3)
(33,34,Set(33, 34),1)
(33,61,Set(33, 43, 53, 52, 51, 61),5)
(33,10,Set(33, 23, 24, 14, 15, 16, 17, 18, 19, 20, 10),10)
(33,37,Set(33, 34, 35, 36, 37),4)
(33,1,Set(33, 23, 13, 12, 11, 1),5)
(33,19,Set(33, 23, 24, 14, 15, 16, 17, 18, 19),8)
(33,28,Set(33, 23, 24, 25, 26, 27, 28),6)
(33,60,Set(33, 43, 44, 54, 55, 56, 57, 58, 59, 60),9)
(33,87,Set(33, 43, 44, 54, 55, 65, 75, 76, 77, 87),9)
(33,96,Set(33, 43, 44, 54, 55, 65, 75, 76, 86, 96),9)
(33,69,Set(33, 43, 44, 54, 55, 56, 57, 58, 59, 69),9)
(33,78,Set(33, 43, 44, 54, 55, 65, 75, 76, 77, 78),9)
(33,90,Set(33, 43, 44, 54, 55, 65, 75, 76, 77, 78, 79, 80, 90),12)
(33,99,Set(33, 43, 44, 54, 55, 65, 75, 76, 77, 87, 97, 98, 99),12)
(33,63,Set(33, 43, 53, 63),3)
(33,54,Set(33, 43, 44, 54),3)
(33,45,Set(33, 43, 44, 45),3)
(33,81,Set(33, 43, 53, 52, 51, 61, 71, 81),7)
(33,72,Set(33, 43, 53, 63, 73, 72),5)
(33,36,Set(33, 34, 35, 36),3)
(33,27,Set(33, 23, 24, 25, 26, 27),5)
(33,9,Set(33, 23, 24, 14, 15, 16, 17, 18, 19, 9),9)
(33,18,Set(33, 23, 24, 14, 15, 16, 17, 18),7)
(33,21,Set(33, 32, 31, 21),3)
(33,57,Set(33, 43, 44, 54, 55, 56, 57),6)
(33,84,Set(33, 43, 44, 54, 64, 74, 84),6)
(33,3,Set(33, 23, 13, 3),3)
(33,12,Set(33, 23, 13, 12),3)
(33,93,Set(33, 43, 53, 63, 73, 83, 93),6)
(33,75,Set(33, 43, 44, 54, 55, 65, 75),6)
(33,30,Set(33, 23, 24, 25, 26, 27, 28, 29, 30),8)
(33,39,Set(33, 34, 35, 36, 37, 38, 39),6)
(33,66,Set(33, 43, 44, 54, 55, 65, 66),6)
(33,15,Set(33, 23, 24, 14, 15),4)
(33,51,Set(33, 43, 53, 52, 51),4)
(33,6,Set(33, 23, 24, 14, 4, 5, 6),6)
(33,24,Set(33, 23, 24),2)
(34,92,Set(34, 44, 43, 53, 63, 73, 83, 93, 92),8)
(34,83,Set(34, 44, 43, 53, 63, 73, 83),6)
(34,95,Set(34, 44, 54, 55, 65, 75, 85, 95),7)
(34,23,Set(34, 24, 23),2)
(34,86,Set(34, 44, 54, 55, 65, 75, 76, 86),7)
(34,77,Set(34, 44, 54, 55, 65, 75, 76, 77),7)
(34,50,Set(34, 35, 36, 37, 38, 39, 40, 50),7)
(34,59,Set(34, 44, 54, 55, 56, 57, 58, 59),7)
(34,41,Set(34, 33, 32, 31, 41),4)
(34,32,Set(34, 33, 32),2)
(34,53,Set(34, 44, 43, 53),3)
(34,35,Set(34, 35),1)
(34,44,Set(34, 44),1)
(34,17,Set(34, 24, 14, 15, 16, 17),5)
(34,26,Set(34, 24, 25, 26),3)
(34,80,Set(34, 44, 54, 55, 65, 75, 76, 77, 78, 79, 80),10)
(34,89,Set(34, 44, 54, 55, 65, 75, 76, 77, 78, 79, 89),10)
(34,98,Set(34, 44, 54, 55, 65, 75, 76, 77, 87, 97, 98),10)
(34,71,Set(34, 44, 43, 53, 52, 51, 61, 71),7)
(34,11,Set(34, 24, 23, 13, 12, 11),5)
(34,74,Set(34, 44, 54, 64, 74),4)
(34,56,Set(34, 44, 54, 55, 56),4)
(34,29,Set(34, 24, 25, 26, 27, 28, 29),6)
(34,47,Set(34, 44, 45, 46, 47),4)
(34,38,Set(34, 35, 36, 37, 38),4)
(34,20,Set(34, 24, 14, 15, 16, 17, 18, 19, 20),8)
(34,65,Set(34, 44, 54, 55, 65),4)
(34,5,Set(34, 24, 14, 4, 5),4)
(34,14,Set(34, 24, 14),2)
(34,46,Set(34, 44, 45, 46),3)
(34,100,Set(34, 44, 54, 55, 65, 75, 76, 77, 87, 97, 98, 99, 100),12)
(34,91,Set(34, 44, 43, 53, 52, 51, 61, 71, 81, 91),9)
(34,64,Set(34, 44, 54, 64),3)
(34,55,Set(34, 44, 54, 55),3)
(34,73,Set(34, 44, 43, 53, 63, 73),5)
(34,94,Set(34, 44, 54, 64, 74, 84, 94),6)
(34,85,Set(34, 44, 54, 55, 65, 75, 85),6)
(34,58,Set(34, 44, 54, 55, 56, 57, 58),6)
(34,67,Set(34, 44, 54, 55, 65, 66, 67),6)
(34,40,Set(34, 35, 36, 37, 38, 39, 40),6)
(34,49,Set(34, 35, 36, 37, 38, 39, 49),6)
(34,4,Set(34, 24, 14, 4),3)
(34,13,Set(34, 24, 23, 13),3)
(34,76,Set(34, 44, 54, 55, 65, 75, 76),6)
(34,31,Set(34, 33, 32, 31),3)
(34,97,Set(34, 44, 54, 55, 65, 75, 76, 77, 87, 97),9)
(34,16,Set(34, 24, 14, 15, 16),4)
(34,79,Set(34, 44, 54, 55, 65, 75, 76, 77, 78, 79),9)
(34,7,Set(34, 24, 14, 4, 5, 6, 7),6)
(34,70,Set(34, 44, 54, 55, 56, 57, 58, 59, 69, 70),9)
(34,43,Set(34, 44, 43),2)
(34,52,Set(34, 44, 43, 53, 52),4)
(34,25,Set(34, 24, 25),2)
(34,61,Set(34, 44, 43, 53, 52, 51, 61),6)
(34,10,Set(34, 24, 14, 15, 16, 17, 18, 19, 20, 10),9)
(34,37,Set(34, 35, 36, 37),3)
(34,1,Set(34, 24, 23, 13, 12, 11, 1),6)
(34,19,Set(34, 24, 14, 15, 16, 17, 18, 19),7)
(34,28,Set(34, 24, 25, 26, 27, 28),5)
(34,60,Set(34, 44, 54, 55, 56, 57, 58, 59, 60),8)
(34,87,Set(34, 44, 54, 55, 65, 75, 76, 77, 87),8)
(34,96,Set(34, 44, 54, 55, 65, 75, 76, 86, 96),8)
(34,69,Set(34, 44, 54, 55, 56, 57, 58, 59, 69),8)
(34,78,Set(34, 44, 54, 55, 65, 75, 76, 77, 78),8)
(34,90,Set(34, 44, 54, 55, 65, 75, 76, 77, 78, 79, 80, 90),11)
(34,99,Set(34, 44, 54, 55, 65, 75, 76, 77, 87, 97, 98, 99),11)
(34,63,Set(34, 44, 43, 53, 63),4)
(34,45,Set(34, 44, 45),2)
(34,54,Set(34, 44, 54),2)
(34,81,Set(34, 44, 43, 53, 52, 51, 61, 71, 81),8)
(34,72,Set(34, 44, 43, 53, 63, 73, 72),6)
(34,36,Set(34, 35, 36),2)
(34,27,Set(34, 24, 25, 26, 27),4)
(34,9,Set(34, 24, 14, 15, 16, 17, 18, 19, 9),8)
(34,18,Set(34, 24, 14, 15, 16, 17, 18),6)
(34,21,Set(34, 33, 32, 31, 21),4)
(34,57,Set(34, 44, 54, 55, 56, 57),5)
(34,12,Set(34, 24, 23, 13, 12),4)
(34,3,Set(34, 24, 23, 13, 3),4)
(34,84,Set(34, 44, 54, 64, 74, 84),5)
(34,93,Set(34, 44, 43, 53, 63, 73, 83, 93),7)
(34,75,Set(34, 44, 54, 55, 65, 75),5)
(34,30,Set(34, 24, 25, 26, 27, 28, 29, 30),7)
(34,39,Set(34, 35, 36, 37, 38, 39),5)
(34,66,Set(34, 44, 54, 55, 65, 66),5)
(34,15,Set(34, 24, 14, 15),3)
(34,51,Set(34, 44, 43, 53, 52, 51),5)
(34,33,Set(34, 33),1)
(34,24,Set(34, 24),1)
(34,6,Set(34, 24, 14, 4, 5, 6),5)
(35,92,Set(35, 34, 44, 43, 53, 63, 73, 83, 93, 92),9)
(35,83,Set(35, 34, 44, 43, 53, 63, 73, 83),7)
(35,95,Set(35, 45, 55, 65, 75, 85, 95),6)
(35,23,Set(35, 25, 24, 23),3)
(35,86,Set(35, 36, 46, 56, 66, 76, 86),6)
(35,77,Set(35, 36, 46, 47, 57, 67, 77),6)
(35,50,Set(35, 36, 37, 38, 39, 40, 50),6)
(35,59,Set(35, 36, 46, 47, 57, 58, 59),6)
(35,32,Set(35, 34, 33, 32),3)
(35,41,Set(35, 34, 33, 32, 31, 41),5)
(35,53,Set(35, 34, 44, 43, 53),4)
(35,44,Set(35, 34, 44),2)
(35,17,Set(35, 25, 26, 16, 17),4)
(35,26,Set(35, 25, 26),2)
(35,80,Set(35, 36, 46, 47, 57, 58, 59, 69, 79, 80),9)
(35,89,Set(35, 36, 46, 47, 57, 58, 59, 69, 79, 89),9)
(35,98,Set(35, 36, 46, 47, 57, 67, 77, 87, 97, 98),9)
(35,71,Set(35, 34, 44, 43, 53, 52, 51, 61, 71),8)
(35,11,Set(35, 25, 24, 23, 13, 12, 11),6)
(35,74,Set(35, 34, 44, 54, 64, 74),5)
(35,56,Set(35, 36, 46, 56),3)
(35,29,Set(35, 25, 26, 27, 28, 29),5)
(35,38,Set(35, 36, 37, 38),3)
(35,47,Set(35, 36, 46, 47),3)
(35,20,Set(35, 25, 26, 16, 17, 18, 19, 20),7)
(35,65,Set(35, 45, 55, 65),3)
(35,5,Set(35, 25, 15, 5),3)
(35,14,Set(35, 25, 24, 14),3)
(35,46,Set(35, 36, 46),2)
(35,100,Set(35, 36, 46, 47, 57, 58, 59, 69, 79, 80, 90, 100),11)
(35,91,Set(35, 34, 44, 43, 53, 52, 51, 61, 71, 81, 91),10)
(35,73,Set(35, 34, 44, 43, 53, 63, 73),6)
(35,55,Set(35, 45, 55),2)
(35,64,Set(35, 34, 44, 54, 64),4)
(35,94,Set(35, 34, 44, 54, 64, 74, 84, 94),7)
(35,67,Set(35, 36, 46, 47, 57, 67),5)
(35,58,Set(35, 36, 46, 47, 57, 58),5)
(35,85,Set(35, 45, 55, 65, 75, 85),5)
(35,40,Set(35, 36, 37, 38, 39, 40),5)
(35,49,Set(35, 36, 37, 38, 39, 49),5)
(35,13,Set(35, 25, 24, 23, 13),4)
(35,4,Set(35, 25, 24, 14, 4),4)
(35,31,Set(35, 34, 33, 32, 31),4)
(35,76,Set(35, 36, 46, 56, 66, 76),5)
(35,97,Set(35, 36, 46, 47, 57, 67, 77, 87, 97),8)
(35,16,Set(35, 25, 26, 16),3)
(35,79,Set(35, 36, 46, 47, 57, 58, 59, 69, 79),8)
(35,7,Set(35, 25, 26, 16, 6, 7),5)
(35,70,Set(35, 36, 46, 47, 57, 58, 59, 69, 70),8)
(35,43,Set(35, 34, 44, 43),3)
(35,52,Set(35, 34, 44, 43, 53, 52),5)
(35,25,Set(35, 25),1)
(35,34,Set(35, 34),1)
(35,61,Set(35, 34, 44, 43, 53, 52, 51, 61),7)
(35,10,Set(35, 25, 26, 16, 17, 18, 19, 20, 10),8)
(35,37,Set(35, 36, 37),2)
(35,1,Set(35, 25, 24, 23, 13, 12, 11, 1),7)
(35,19,Set(35, 25, 26, 16, 17, 18, 19),6)
(35,28,Set(35, 25, 26, 27, 28),4)
(35,60,Set(35, 36, 46, 47, 57, 58, 59, 60),7)
(35,87,Set(35, 36, 46, 47, 57, 67, 77, 87),7)
(35,96,Set(35, 36, 46, 56, 66, 76, 86, 96),7)
(35,69,Set(35, 36, 46, 47, 57, 58, 59, 69),7)
(35,78,Set(35, 36, 46, 47, 57, 67, 77, 78),7)
(35,90,Set(35, 36, 46, 47, 57, 58, 59, 69, 79, 80, 90),10)
(35,99,Set(35, 36, 46, 47, 57, 58, 59, 69, 79, 89, 99),10)
(35,63,Set(35, 34, 44, 43, 53, 63),5)
(35,54,Set(35, 34, 44, 54),3)
(35,45,Set(35, 45),1)
(35,81,Set(35, 34, 44, 43, 53, 52, 51, 61, 71, 81),9)
(35,72,Set(35, 34, 44, 43, 53, 63, 73, 72),7)
(35,27,Set(35, 25, 26, 27),3)
(35,36,Set(35, 36),1)
(35,9,Set(35, 25, 26, 16, 17, 18, 19, 9),7)
(35,18,Set(35, 25, 26, 16, 17, 18),5)
(35,57,Set(35, 36, 46, 47, 57),4)
(35,21,Set(35, 34, 33, 32, 31, 21),5)
(35,84,Set(35, 34, 44, 54, 64, 74, 84),6)
(35,12,Set(35, 25, 24, 23, 13, 12),5)
(35,3,Set(35, 25, 24, 23, 13, 3),5)
(35,93,Set(35, 34, 44, 43, 53, 63, 73, 83, 93),8)
(35,75,Set(35, 45, 55, 65, 75),4)
(35,30,Set(35, 25, 26, 27, 28, 29, 30),6)
(35,39,Set(35, 36, 37, 38, 39),4)
(35,66,Set(35, 36, 46, 56, 66),4)
(35,15,Set(35, 25, 15),2)
(35,51,Set(35, 34, 44, 43, 53, 52, 51),6)
(35,33,Set(35, 34, 33),2)
(35,24,Set(35, 25, 24),2)
(35,6,Set(35, 25, 26, 16, 6),4)
(36,92,Set(36, 35, 34, 44, 43, 53, 63, 73, 83, 93, 92),10)
(36,83,Set(36, 35, 34, 44, 43, 53, 63, 73, 83),8)
(36,95,Set(36, 35, 45, 55, 65, 75, 85, 95),7)
(36,23,Set(36, 26, 25, 24, 23),4)
(36,77,Set(36, 46, 47, 57, 67, 77),5)
(36,86,Set(36, 46, 56, 66, 76, 86),5)
(36,41,Set(36, 35, 34, 33, 32, 31, 41),6)
(36,32,Set(36, 35, 34, 33, 32),4)
(36,50,Set(36, 37, 38, 39, 40, 50),5)
(36,59,Set(36, 46, 47, 57, 58, 59),5)
(36,53,Set(36, 35, 34, 44, 43, 53),5)
(36,44,Set(36, 35, 34, 44),3)
(36,35,Set(36, 35),1)
(36,17,Set(36, 26, 16, 17),3)
(36,26,Set(36, 26),1)
(36,89,Set(36, 46, 47, 57, 58, 59, 69, 79, 89),8)
(36,80,Set(36, 46, 47, 57, 58, 59, 69, 79, 80),8)
(36,71,Set(36, 35, 34, 44, 43, 53, 52, 51, 61, 71),9)
(36,98,Set(36, 46, 47, 57, 67, 77, 87, 97, 98),8)
(36,11,Set(36, 26, 25, 24, 23, 13, 12, 11),7)
(36,74,Set(36, 35, 34, 44, 54, 64, 74),6)
(36,56,Set(36, 46, 56),2)
(36,38,Set(36, 37, 38),2)
(36,47,Set(36, 46, 47),2)
(36,29,Set(36, 26, 27, 28, 29),4)
(36,20,Set(36, 26, 16, 17, 18, 19, 20),6)
(36,65,Set(36, 35, 45, 55, 65),4)
(36,5,Set(36, 26, 25, 15, 5),4)
(36,14,Set(36, 26, 25, 24, 14),4)
(36,46,Set(36, 46),1)
(36,100,Set(36, 46, 47, 57, 58, 59, 69, 79, 80, 90, 100),10)
(36,91,Set(36, 35, 34, 44, 43, 53, 52, 51, 61, 71, 81, 91),11)
(36,73,Set(36, 35, 34, 44, 43, 53, 63, 73),7)
(36,55,Set(36, 35, 45, 55),3)
(36,64,Set(36, 35, 34, 44, 54, 64),5)
(36,94,Set(36, 35, 34, 44, 54, 64, 74, 84, 94),8)
(36,85,Set(36, 35, 45, 55, 65, 75, 85),6)
(36,67,Set(36, 46, 47, 57, 67),4)
(36,58,Set(36, 46, 47, 57, 58),4)
(36,49,Set(36, 37, 38, 39, 49),4)
(36,40,Set(36, 37, 38, 39, 40),4)
(36,4,Set(36, 26, 25, 24, 14, 4),5)
(36,13,Set(36, 26, 25, 24, 23, 13),5)
(36,76,Set(36, 46, 56, 66, 76),4)
(36,31,Set(36, 35, 34, 33, 32, 31),5)
(36,97,Set(36, 46, 47, 57, 67, 77, 87, 97),7)
(36,16,Set(36, 26, 16),2)
(36,79,Set(36, 46, 47, 57, 58, 59, 69, 79),7)
(36,7,Set(36, 26, 16, 6, 7),4)
(36,70,Set(36, 46, 47, 57, 58, 59, 69, 70),7)
(36,52,Set(36, 35, 34, 44, 43, 53, 52),6)
(36,43,Set(36, 35, 34, 44, 43),4)
(36,25,Set(36, 26, 25),2)
(36,34,Set(36, 35, 34),2)
(36,61,Set(36, 35, 34, 44, 43, 53, 52, 51, 61),8)
(36,10,Set(36, 26, 16, 17, 18, 19, 20, 10),7)
(36,37,Set(36, 37),1)
(36,1,Set(36, 26, 25, 24, 23, 13, 12, 11, 1),8)
(36,28,Set(36, 26, 27, 28),3)
(36,19,Set(36, 26, 16, 17, 18, 19),5)
(36,60,Set(36, 46, 47, 57, 58, 59, 60),6)
(36,87,Set(36, 46, 47, 57, 67, 77, 87),6)
(36,96,Set(36, 46, 56, 66, 76, 86, 96),6)
(36,78,Set(36, 46, 47, 57, 67, 77, 78),6)
(36,69,Set(36, 46, 47, 57, 58, 59, 69),6)
(36,99,Set(36, 46, 47, 57, 58, 59, 69, 79, 89, 99),9)
(36,90,Set(36, 46, 47, 57, 58, 59, 69, 79, 80, 90),9)
(36,63,Set(36, 35, 34, 44, 43, 53, 63),6)
(36,45,Set(36, 35, 45),2)
(36,54,Set(36, 35, 34, 44, 54),4)
(36,81,Set(36, 35, 34, 44, 43, 53, 52, 51, 61, 71, 81),10)
(36,72,Set(36, 35, 34, 44, 43, 53, 63, 73, 72),8)
(36,27,Set(36, 26, 27),2)
(36,9,Set(36, 26, 16, 17, 18, 19, 9),6)
(36,18,Set(36, 26, 16, 17, 18),4)
(36,21,Set(36, 35, 34, 33, 32, 31, 21),6)
(36,57,Set(36, 46, 47, 57),3)
(36,84,Set(36, 35, 34, 44, 54, 64, 74, 84),7)
(36,3,Set(36, 26, 25, 24, 23, 13, 3),6)
(36,12,Set(36, 26, 25, 24, 23, 13, 12),6)
(36,93,Set(36, 35, 34, 44, 43, 53, 63, 73, 83, 93),9)
(36,75,Set(36, 35, 45, 55, 65, 75),5)
(36,30,Set(36, 26, 27, 28, 29, 30),5)
(36,39,Set(36, 37, 38, 39),3)
(36,66,Set(36, 46, 56, 66),3)
(36,15,Set(36, 26, 25, 15),3)
(36,51,Set(36, 35, 34, 44, 43, 53, 52, 51),7)
(36,6,Set(36, 26, 16, 6),3)
(36,24,Set(36, 26, 25, 24),3)
(36,33,Set(36, 35, 34, 33),3)
(37,92,Set(37, 47, 57, 56, 55, 65, 75, 74, 73, 83, 93, 92),11)
(37,83,Set(37, 47, 57, 56, 55, 65, 75, 74, 73, 83),9)
(37,95,Set(37, 47, 57, 56, 55, 65, 75, 85, 95),8)
(37,23,Set(37, 36, 26, 25, 24, 23),5)
(37,86,Set(37, 47, 57, 56, 66, 76, 86),6)
(37,77,Set(37, 47, 57, 67, 77),4)
(37,41,Set(37, 36, 35, 34, 33, 32, 31, 41),7)
(37,50,Set(37, 38, 39, 40, 50),4)
(37,59,Set(37, 47, 57, 58, 59),4)
(37,32,Set(37, 36, 35, 34, 33, 32),5)
(37,53,Set(37, 47, 57, 56, 55, 54, 53),6)
(37,17,Set(37, 27, 17),2)
(37,35,Set(37, 36, 35),2)
(37,44,Set(37, 47, 46, 45, 44),4)
(37,26,Set(37, 36, 26),2)
(37,89,Set(37, 47, 57, 58, 59, 69, 79, 89),7)
(37,80,Set(37, 47, 57, 58, 59, 69, 79, 80),7)
(37,71,Set(37, 47, 57, 56, 55, 65, 75, 74, 73, 72, 71),10)
(37,98,Set(37, 47, 57, 67, 77, 87, 97, 98),7)
(37,11,Set(37, 36, 26, 25, 24, 23, 13, 12, 11),8)
(37,74,Set(37, 47, 57, 56, 55, 65, 75, 74),7)
(37,56,Set(37, 47, 57, 56),3)
(37,29,Set(37, 38, 28, 29),3)
(37,38,Set(37, 38),1)
(37,47,Set(37, 47),1)
(37,20,Set(37, 38, 28, 29, 19, 20),5)
(37,65,Set(37, 47, 57, 56, 55, 65),5)
(37,5,Set(37, 36, 26, 25, 15, 5),5)
(37,14,Set(37, 36, 26, 25, 24, 14),5)
(37,46,Set(37, 47, 46),2)
(37,100,Set(37, 47, 57, 58, 59, 69, 79, 80, 90, 100),9)
(37,91,Set(37, 47, 57, 56, 55, 65, 75, 74, 73, 72, 71, 81, 91),12)
(37,73,Set(37, 47, 57, 56, 55, 65, 75, 74, 73),8)
(37,64,Set(37, 47, 57, 56, 55, 65, 64),6)
(37,55,Set(37, 47, 57, 56, 55),4)
(37,94,Set(37, 47, 57, 56, 55, 65, 75, 74, 84, 94),9)
(37,85,Set(37, 47, 57, 56, 55, 65, 75, 85),7)
(37,58,Set(37, 47, 57, 58),3)
(37,67,Set(37, 47, 57, 67),3)
(37,40,Set(37, 38, 39, 40),3)
(37,49,Set(37, 38, 39, 49),3)
(37,13,Set(37, 36, 26, 25, 24, 23, 13),6)
(37,4,Set(37, 36, 26, 25, 24, 14, 4),6)
(37,31,Set(37, 36, 35, 34, 33, 32, 31),6)
(37,76,Set(37, 47, 57, 56, 66, 76),5)
(37,97,Set(37, 47, 57, 67, 77, 87, 97),6)
(37,16,Set(37, 36, 26, 16),3)
(37,79,Set(37, 47, 57, 58, 59, 69, 79),6)
(37,7,Set(37, 27, 17, 7),3)
(37,52,Set(37, 47, 57, 56, 55, 54, 53, 52),7)
(37,70,Set(37, 47, 57, 58, 59, 69, 70),6)
(37,43,Set(37, 47, 46, 45, 44, 43),5)
(37,25,Set(37, 36, 26, 25),3)
(37,34,Set(37, 36, 35, 34),3)
(37,61,Set(37, 47, 57, 56, 55, 54, 53, 52, 51, 61),9)
(37,10,Set(37, 38, 28, 29, 19, 20, 10),6)
(37,1,Set(37, 36, 26, 25, 24, 23, 13, 12, 11, 1),9)
(37,28,Set(37, 38, 28),2)
(37,19,Set(37, 38, 28, 29, 19),4)
(37,60,Set(37, 47, 57, 58, 59, 60),5)
(37,87,Set(37, 47, 57, 67, 77, 87),5)
(37,96,Set(37, 47, 57, 56, 66, 76, 86, 96),7)
(37,69,Set(37, 47, 57, 58, 59, 69),5)
(37,78,Set(37, 47, 57, 67, 77, 78),5)
(37,99,Set(37, 47, 57, 58, 59, 69, 79, 89, 99),8)
(37,90,Set(37, 47, 57, 58, 59, 69, 79, 80, 90),8)
(37,63,Set(37, 47, 57, 56, 55, 65, 64, 63),7)
(37,45,Set(37, 47, 46, 45),3)
(37,54,Set(37, 47, 57, 56, 55, 54),5)
(37,81,Set(37, 47, 57, 56, 55, 65, 75, 74, 73, 72, 71, 81),11)
(37,72,Set(37, 47, 57, 56, 55, 65, 75, 74, 73, 72),9)
(37,27,Set(37, 27),1)
(37,36,Set(37, 36),1)
(37,18,Set(37, 38, 28, 18),3)
(37,9,Set(37, 38, 28, 29, 19, 9),5)
(37,21,Set(37, 36, 35, 34, 33, 32, 31, 21),7)
(37,57,Set(37, 47, 57),2)
(37,84,Set(37, 47, 57, 56, 55, 65, 75, 74, 84),8)
(37,12,Set(37, 36, 26, 25, 24, 23, 13, 12),7)
(37,3,Set(37, 36, 26, 25, 24, 23, 13, 3),7)
(37,93,Set(37, 47, 57, 56, 55, 65, 75, 74, 73, 83, 93),10)
(37,75,Set(37, 47, 57, 56, 55, 65, 75),6)
(37,30,Set(37, 38, 28, 29, 30),4)
(37,39,Set(37, 38, 39),2)
(37,66,Set(37, 47, 57, 56, 66),4)
(37,15,Set(37, 36, 26, 25, 15),4)
(37,51,Set(37, 47, 57, 56, 55, 54, 53, 52, 51),8)
(37,6,Set(37, 36, 26, 16, 6),4)
(37,24,Set(37, 36, 26, 25, 24),4)
(37,33,Set(37, 36, 35, 34, 33),4)
(38,92,Set(38, 37, 47, 57, 56, 55, 65, 75, 74, 73, 83, 93, 92),12)
(38,83,Set(38, 37, 47, 57, 56, 55, 65, 75, 74, 73, 83),10)
(38,95,Set(38, 37, 47, 57, 56, 55, 65, 75, 85, 95),9)
(38,23,Set(38, 28, 27, 26, 25, 24, 23),6)
(38,86,Set(38, 37, 47, 57, 56, 66, 76, 86),7)
(38,77,Set(38, 37, 47, 57, 67, 77),5)
(38,41,Set(38, 37, 36, 35, 34, 33, 32, 31, 41),8)
(38,32,Set(38, 37, 36, 35, 34, 33, 32),6)
(38,59,Set(38, 39, 49, 59),3)
(38,50,Set(38, 39, 40, 50),3)
(38,53,Set(38, 37, 47, 57, 56, 55, 54, 53),7)
(38,35,Set(38, 37, 36, 35),3)
(38,17,Set(38, 28, 18, 17),3)
(38,44,Set(38, 37, 47, 46, 45, 44),5)
(38,26,Set(38, 28, 27, 26),3)
(38,89,Set(38, 39, 49, 59, 69, 79, 89),6)
(38,80,Set(38, 39, 40, 50, 60, 70, 80),6)
(38,71,Set(38, 37, 47, 57, 56, 55, 65, 75, 74, 73, 72, 71),11)
(38,98,Set(38, 39, 49, 59, 69, 79, 89, 99, 98),8)
(38,11,Set(38, 28, 18, 17, 16, 15, 14, 13, 12, 11),9)
(38,74,Set(38, 37, 47, 57, 56, 55, 65, 75, 74),8)
(38,56,Set(38, 37, 47, 57, 56),4)
(38,47,Set(38, 37, 47),2)
(38,29,Set(38, 28, 29),2)
(38,20,Set(38, 28, 29, 19, 20),4)
(38,65,Set(38, 37, 47, 57, 56, 55, 65),6)
(38,5,Set(38, 28, 18, 17, 7, 6, 5),6)
(38,14,Set(38, 28, 18, 17, 16, 15, 14),6)
(38,46,Set(38, 37, 47, 46),3)
(38,100,Set(38, 39, 40, 50, 60, 70, 80, 90, 100),8)
(38,91,Set(38, 37, 47, 57, 56, 55, 65, 75, 74, 73, 72, 71, 81, 91),13)
(38,73,Set(38, 37, 47, 57, 56, 55, 65, 75, 74, 73),9)
(38,64,Set(38, 37, 47, 57, 56, 55, 65, 64),7)
(38,55,Set(38, 37, 47, 57, 56, 55),5)
(38,94,Set(38, 37, 47, 57, 56, 55, 65, 75, 74, 84, 94),10)
(38,85,Set(38, 37, 47, 57, 56, 55, 65, 75, 85),8)
(38,67,Set(38, 37, 47, 57, 67),4)
(38,58,Set(38, 39, 49, 59, 58),4)
(38,49,Set(38, 39, 49),2)
(38,40,Set(38, 39, 40),2)
(38,13,Set(38, 28, 18, 17, 16, 15, 14, 13),7)
(38,4,Set(38, 28, 18, 17, 7, 6, 5, 4),7)
(38,31,Set(38, 37, 36, 35, 34, 33, 32, 31),7)
(38,76,Set(38, 37, 47, 57, 56, 66, 76),6)
(38,97,Set(38, 37, 47, 57, 67, 77, 87, 97),7)
(38,16,Set(38, 28, 18, 17, 16),4)
(38,7,Set(38, 28, 18, 17, 7),4)
(38,79,Set(38, 39, 49, 59, 69, 79),5)
(38,52,Set(38, 37, 47, 57, 56, 55, 54, 53, 52),8)
(38,70,Set(38, 39, 40, 50, 60, 70),5)
(38,43,Set(38, 37, 47, 46, 45, 44, 43),6)
(38,25,Set(38, 28, 27, 26, 25),4)
(38,34,Set(38, 37, 36, 35, 34),4)
(38,61,Set(38, 37, 47, 57, 56, 55, 54, 53, 52, 51, 61),10)
(38,10,Set(38, 28, 29, 19, 20, 10),5)
(38,37,Set(38, 37),1)
(38,1,Set(38, 28, 18, 17, 16, 15, 14, 13, 12, 11, 1),10)
(38,19,Set(38, 28, 29, 19),3)
(38,28,Set(38, 28),1)
(38,60,Set(38, 39, 40, 50, 60),4)
(38,87,Set(38, 37, 47, 57, 67, 77, 87),6)
(38,96,Set(38, 37, 47, 57, 56, 66, 76, 86, 96),8)
(38,78,Set(38, 39, 49, 59, 69, 79, 78),6)
(38,69,Set(38, 39, 49, 59, 69),4)
(38,63,Set(38, 37, 47, 57, 56, 55, 65, 64, 63),8)
(38,99,Set(38, 39, 49, 59, 69, 79, 89, 99),7)
(38,90,Set(38, 39, 40, 50, 60, 70, 80, 90),7)
(38,45,Set(38, 37, 47, 46, 45),4)
(38,54,Set(38, 37, 47, 57, 56, 55, 54),6)
(38,81,Set(38, 37, 47, 57, 56, 55, 65, 75, 74, 73, 72, 71, 81),12)
(38,72,Set(38, 37, 47, 57, 56, 55, 65, 75, 74, 73, 72),10)
(38,27,Set(38, 28, 27),2)
(38,36,Set(38, 37, 36),2)
(38,18,Set(38, 28, 18),2)
(38,9,Set(38, 28, 29, 19, 9),4)
(38,21,Set(38, 37, 36, 35, 34, 33, 32, 31, 21),8)
(38,57,Set(38, 37, 47, 57),3)
(38,84,Set(38, 37, 47, 57, 56, 55, 65, 75, 74, 84),9)
(38,12,Set(38, 28, 18, 17, 16, 15, 14, 13, 12),8)
(38,3,Set(38, 28, 18, 17, 7, 6, 5, 4, 3),8)
(38,93,Set(38, 37, 47, 57, 56, 55, 65, 75, 74, 73, 83, 93),11)
(38,75,Set(38, 37, 47, 57, 56, 55, 65, 75),7)
(38,30,Set(38, 28, 29, 30),3)
(38,39,Set(38, 39),1)
(38,66,Set(38, 37, 47, 57, 56, 66),5)
(38,15,Set(38, 28, 18, 17, 16, 15),5)
(38,51,Set(38, 37, 47, 57, 56, 55, 54, 53, 52, 51),9)
(38,6,Set(38, 28, 18, 17, 7, 6),5)
(38,24,Set(38, 28, 27, 26, 25, 24),5)
(38,33,Set(38, 37, 36, 35, 34, 33),5)
(39,92,Set(39, 38, 37, 47, 57, 56, 55, 65, 75, 74, 73, 83, 93, 92),13)
(39,83,Set(39, 38, 37, 47, 57, 56, 55, 65, 75, 74, 73, 83),11)
(39,95,Set(39, 38, 37, 47, 57, 56, 55, 65, 75, 85, 95),10)
(39,23,Set(39, 29, 28, 27, 26, 25, 24, 23),7)
(39,86,Set(39, 38, 37, 47, 57, 56, 66, 76, 86),8)
(39,77,Set(39, 38, 37, 47, 57, 67, 77),6)
(39,41,Set(39, 38, 37, 36, 35, 34, 33, 32, 31, 41),9)
(39,32,Set(39, 38, 37, 36, 35, 34, 33, 32),7)
(39,50,Set(39, 40, 50),2)
(39,59,Set(39, 49, 59),2)
(39,53,Set(39, 38, 37, 47, 57, 56, 55, 54, 53),8)
(39,17,Set(39, 29, 28, 18, 17),4)
(39,35,Set(39, 38, 37, 36, 35),4)
(39,44,Set(39, 38, 37, 47, 46, 45, 44),6)
(39,26,Set(39, 29, 28, 27, 26),4)
(39,80,Set(39, 40, 50, 60, 70, 80),5)
(39,89,Set(39, 49, 59, 69, 79, 89),5)
(39,71,Set(39, 38, 37, 47, 57, 56, 55, 65, 75, 74, 73, 72, 71),12)
(39,98,Set(39, 49, 59, 69, 79, 89, 99, 98),7)
(39,11,Set(39, 29, 28, 18, 17, 16, 15, 14, 13, 12, 11),10)
(39,74,Set(39, 38, 37, 47, 57, 56, 55, 65, 75, 74),9)
(39,56,Set(39, 38, 37, 47, 57, 56),5)
(39,47,Set(39, 38, 37, 47),3)
(39,38,Set(39, 38),1)
(39,29,Set(39, 29),1)
(39,20,Set(39, 29, 19, 20),3)
(39,65,Set(39, 38, 37, 47, 57, 56, 55, 65),7)
(39,5,Set(39, 29, 28, 18, 17, 7, 6, 5),7)
(39,14,Set(39, 29, 28, 18, 17, 16, 15, 14),7)
(39,46,Set(39, 38, 37, 47, 46),4)
(39,100,Set(39, 40, 50, 60, 70, 80, 90, 100),7)
(39,91,Set(39, 38, 37, 47, 57, 56, 55, 65, 75, 74, 73, 72, 71, 81, 91),14)
(39,73,Set(39, 38, 37, 47, 57, 56, 55, 65, 75, 74, 73),10)
(39,64,Set(39, 38, 37, 47, 57, 56, 55, 65, 64),8)
(39,55,Set(39, 38, 37, 47, 57, 56, 55),6)
(39,94,Set(39, 38, 37, 47, 57, 56, 55, 65, 75, 74, 84, 94),11)
(39,85,Set(39, 38, 37, 47, 57, 56, 55, 65, 75, 85),9)
(39,58,Set(39, 49, 59, 58),3)
(39,67,Set(39, 38, 37, 47, 57, 67),5)
(39,49,Set(39, 49),1)
(39,40,Set(39, 40),1)
(39,13,Set(39, 29, 28, 18, 17, 16, 15, 14, 13),8)
(39,4,Set(39, 29, 28, 18, 17, 7, 6, 5, 4),8)
(39,31,Set(39, 38, 37, 36, 35, 34, 33, 32, 31),8)
(39,76,Set(39, 38, 37, 47, 57, 56, 66, 76),7)
(39,97,Set(39, 38, 37, 47, 57, 67, 77, 87, 97),8)
(39,16,Set(39, 29, 28, 18, 17, 16),5)
(39,79,Set(39, 49, 59, 69, 79),4)
(39,7,Set(39, 29, 28, 18, 17, 7),5)
(39,52,Set(39, 38, 37, 47, 57, 56, 55, 54, 53, 52),9)
(39,43,Set(39, 38, 37, 47, 46, 45, 44, 43),7)
(39,70,Set(39, 40, 50, 60, 70),4)
(39,25,Set(39, 29, 28, 27, 26, 25),5)
(39,34,Set(39, 38, 37, 36, 35, 34),5)
(39,61,Set(39, 38, 37, 47, 57, 56, 55, 54, 53, 52, 51, 61),11)
(39,10,Set(39, 29, 19, 20, 10),4)
(39,37,Set(39, 38, 37),2)
(39,1,Set(39, 29, 28, 18, 17, 16, 15, 14, 13, 12, 11, 1),11)
(39,28,Set(39, 29, 28),2)
(39,19,Set(39, 29, 19),2)
(39,60,Set(39, 40, 50, 60),3)
(39,87,Set(39, 38, 37, 47, 57, 67, 77, 87),7)
(39,96,Set(39, 38, 37, 47, 57, 56, 66, 76, 86, 96),9)
(39,69,Set(39, 49, 59, 69),3)
(39,78,Set(39, 49, 59, 69, 79, 78),5)
(39,63,Set(39, 38, 37, 47, 57, 56, 55, 65, 64, 63),9)
(39,90,Set(39, 40, 50, 60, 70, 80, 90),6)
(39,99,Set(39, 49, 59, 69, 79, 89, 99),6)
(39,54,Set(39, 38, 37, 47, 57, 56, 55, 54),7)
(39,45,Set(39, 38, 37, 47, 46, 45),5)
(39,81,Set(39, 38, 37, 47, 57, 56, 55, 65, 75, 74, 73, 72, 71, 81),13)
(39,72,Set(39, 38, 37, 47, 57, 56, 55, 65, 75, 74, 73, 72),11)
(39,36,Set(39, 38, 37, 36),3)
(39,27,Set(39, 29, 28, 27),3)
(39,9,Set(39, 29, 19, 9),3)
(39,18,Set(39, 29, 28, 18),3)
(39,21,Set(39, 38, 37, 36, 35, 34, 33, 32, 31, 21),9)
(39,57,Set(39, 38, 37, 47, 57),4)
(39,84,Set(39, 38, 37, 47, 57, 56, 55, 65, 75, 74, 84),10)
(39,12,Set(39, 29, 28, 18, 17, 16, 15, 14, 13, 12),9)
(39,3,Set(39, 29, 28, 18, 17, 7, 6, 5, 4, 3),9)
(39,93,Set(39, 38, 37, 47, 57, 56, 55, 65, 75, 74, 73, 83, 93),12)
(39,75,Set(39, 38, 37, 47, 57, 56, 55, 65, 75),8)
(39,30,Set(39, 29, 30),2)
(39,66,Set(39, 38, 37, 47, 57, 56, 66),6)
(39,15,Set(39, 29, 28, 18, 17, 16, 15),6)
(39,51,Set(39, 38, 37, 47, 57, 56, 55, 54, 53, 52, 51),10)
(39,6,Set(39, 29, 28, 18, 17, 7, 6),6)
(39,24,Set(39, 29, 28, 27, 26, 25, 24),6)
(39,33,Set(39, 38, 37, 36, 35, 34, 33),6)
(40,92,Set(40, 39, 38, 37, 47, 57, 56, 55, 65, 75, 74, 73, 83, 93, 92),14)
(40,83,Set(40, 39, 38, 37, 47, 57, 56, 55, 65, 75, 74, 73, 83),12)
(40,95,Set(40, 39, 38, 37, 47, 57, 56, 55, 65, 75, 85, 95),11)
(40,23,Set(40, 39, 29, 28, 27, 26, 25, 24, 23),8)
(40,86,Set(40, 39, 38, 37, 47, 57, 56, 66, 76, 86),9)
(40,77,Set(40, 39, 38, 37, 47, 57, 67, 77),7)
(40,41,Set(40, 39, 38, 37, 36, 35, 34, 33, 32, 31, 41),10)
(40,32,Set(40, 39, 38, 37, 36, 35, 34, 33, 32),8)
(40,50,Set(40, 50),1)
(40,59,Set(40, 39, 49, 59),3)
(40,53,Set(40, 39, 38, 37, 47, 57, 56, 55, 54, 53),9)
(40,17,Set(40, 39, 29, 28, 18, 17),5)
(40,35,Set(40, 39, 38, 37, 36, 35),5)
(40,44,Set(40, 39, 38, 37, 47, 46, 45, 44),7)
(40,26,Set(40, 39, 29, 28, 27, 26),5)
(40,80,Set(40, 50, 60, 70, 80),4)
(40,89,Set(40, 39, 49, 59, 69, 79, 89),6)
(40,71,Set(40, 39, 38, 37, 47, 57, 56, 55, 65, 75, 74, 73, 72, 71),13)
(40,98,Set(40, 39, 49, 59, 69, 79, 89, 99, 98),8)
(40,11,Set(40, 39, 29, 28, 18, 17, 16, 15, 14, 13, 12, 11),11)
(40,74,Set(40, 39, 38, 37, 47, 57, 56, 55, 65, 75, 74),10)
(40,56,Set(40, 39, 38, 37, 47, 57, 56),6)
(40,47,Set(40, 39, 38, 37, 47),4)
(40,29,Set(40, 39, 29),2)
(40,38,Set(40, 39, 38),2)
(40,20,Set(40, 30, 20),2)
(40,65,Set(40, 39, 38, 37, 47, 57, 56, 55, 65),8)
(40,5,Set(40, 39, 29, 28, 18, 17, 7, 6, 5),8)
(40,14,Set(40, 39, 29, 28, 18, 17, 16, 15, 14),8)
(40,46,Set(40, 39, 38, 37, 47, 46),5)
(40,100,Set(40, 50, 60, 70, 80, 90, 100),6)
(40,91,Set(40, 39, 38, 37, 47, 57, 56, 55, 65, 75, 74, 73, 72, 71, 81, 91),15)
(40,73,Set(40, 39, 38, 37, 47, 57, 56, 55, 65, 75, 74, 73),11)
(40,64,Set(40, 39, 38, 37, 47, 57, 56, 55, 65, 64),9)
(40,55,Set(40, 39, 38, 37, 47, 57, 56, 55),7)
(40,94,Set(40, 39, 38, 37, 47, 57, 56, 55, 65, 75, 74, 84, 94),12)
(40,85,Set(40, 39, 38, 37, 47, 57, 56, 55, 65, 75, 85),10)
(40,58,Set(40, 39, 49, 59, 58),4)
(40,67,Set(40, 39, 38, 37, 47, 57, 67),6)
(40,49,Set(40, 39, 49),2)
(40,13,Set(40, 39, 29, 28, 18, 17, 16, 15, 14, 13),9)
(40,4,Set(40, 39, 29, 28, 18, 17, 7, 6, 5, 4),9)
(40,31,Set(40, 39, 38, 37, 36, 35, 34, 33, 32, 31),9)
(40,76,Set(40, 39, 38, 37, 47, 57, 56, 66, 76),8)
(40,97,Set(40, 39, 38, 37, 47, 57, 67, 77, 87, 97),9)
(40,16,Set(40, 39, 29, 28, 18, 17, 16),6)
(40,79,Set(40, 39, 49, 59, 69, 79),5)
(40,7,Set(40, 39, 29, 28, 18, 17, 7),6)
(40,52,Set(40, 39, 38, 37, 47, 57, 56, 55, 54, 53, 52),10)
(40,43,Set(40, 39, 38, 37, 47, 46, 45, 44, 43),8)
(40,70,Set(40, 50, 60, 70),3)
(40,25,Set(40, 39, 29, 28, 27, 26, 25),6)
(40,34,Set(40, 39, 38, 37, 36, 35, 34),6)
(40,61,Set(40, 39, 38, 37, 47, 57, 56, 55, 54, 53, 52, 51, 61),12)
(40,10,Set(40, 30, 20, 10),3)
(40,37,Set(40, 39, 38, 37),3)
(40,1,Set(40, 39, 29, 28, 18, 17, 16, 15, 14, 13, 12, 11, 1),12)
(40,19,Set(40, 39, 29, 19),3)
(40,28,Set(40, 39, 29, 28),3)
(40,60,Set(40, 50, 60),2)
(40,87,Set(40, 39, 38, 37, 47, 57, 67, 77, 87),8)
(40,96,Set(40, 39, 38, 37, 47, 57, 56, 66, 76, 86, 96),10)
(40,69,Set(40, 39, 49, 59, 69),4)
(40,78,Set(40, 39, 49, 59, 69, 79, 78),6)
(40,63,Set(40, 39, 38, 37, 47, 57, 56, 55, 65, 64, 63),10)
(40,90,Set(40, 50, 60, 70, 80, 90),5)
(40,99,Set(40, 39, 49, 59, 69, 79, 89, 99),7)
(40,54,Set(40, 39, 38, 37, 47, 57, 56, 55, 54),8)
(40,45,Set(40, 39, 38, 37, 47, 46, 45),6)
(40,81,Set(40, 39, 38, 37, 47, 57, 56, 55, 65, 75, 74, 73, 72, 71, 81),14)
(40,72,Set(40, 39, 38, 37, 47, 57, 56, 55, 65, 75, 74, 73, 72),12)
(40,36,Set(40, 39, 38, 37, 36),4)
(40,27,Set(40, 39, 29, 28, 27),4)
(40,18,Set(40, 39, 29, 28, 18),4)
(40,9,Set(40, 39, 29, 19, 9),4)
(40,21,Set(40, 39, 38, 37, 36, 35, 34, 33, 32, 31, 21),10)
(40,57,Set(40, 39, 38, 37, 47, 57),5)
(40,84,Set(40, 39, 38, 37, 47, 57, 56, 55, 65, 75, 74, 84),11)
(40,12,Set(40, 39, 29, 28, 18, 17, 16, 15, 14, 13, 12),10)
(40,3,Set(40, 39, 29, 28, 18, 17, 7, 6, 5, 4, 3),10)
(40,93,Set(40, 39, 38, 37, 47, 57, 56, 55, 65, 75, 74, 73, 83, 93),13)
(40,75,Set(40, 39, 38, 37, 47, 57, 56, 55, 65, 75),9)
(40,30,Set(40, 30),1)
(40,39,Set(40, 39),1)
(40,66,Set(40, 39, 38, 37, 47, 57, 56, 66),7)
(40,15,Set(40, 39, 29, 28, 18, 17, 16, 15),7)
(40,51,Set(40, 39, 38, 37, 47, 57, 56, 55, 54, 53, 52, 51),11)
(40,6,Set(40, 39, 29, 28, 18, 17, 7, 6),7)
(40,24,Set(40, 39, 29, 28, 27, 26, 25, 24),7)
(40,33,Set(40, 39, 38, 37, 36, 35, 34, 33),7)
(41,92,Set(41, 51, 61, 71, 81, 91, 92),6)
(41,83,Set(41, 51, 61, 71, 72, 73, 83),6)
(41,95,Set(41, 51, 61, 71, 72, 73, 83, 93, 94, 95),9)
(41,23,Set(41, 31, 32, 33, 23),4)
(41,77,Set(41, 51, 61, 71, 72, 73, 74, 75, 76, 77),9)
(41,86,Set(41, 51, 61, 71, 72, 73, 83, 84, 85, 86),9)
(41,50,Set(41, 31, 32, 33, 34, 35, 36, 37, 38, 39, 40, 50),11)
(41,59,Set(41, 51, 52, 53, 54, 55, 56, 57, 58, 59),9)
(41,32,Set(41, 31, 32),2)
(41,53,Set(41, 51, 52, 53),3)
(41,17,Set(41, 31, 21, 11, 12, 13, 14, 15, 16, 17),9)
(41,35,Set(41, 31, 32, 33, 34, 35),5)
(41,44,Set(41, 31, 32, 33, 43, 44),5)
(41,26,Set(41, 31, 32, 33, 23, 24, 25, 26),7)
(41,80,Set(41, 51, 61, 71, 72, 73, 74, 75, 76, 77, 78, 79, 80),12)
(41,89,Set(41, 51, 61, 71, 72, 73, 74, 75, 76, 77, 78, 79, 89),12)
(41,98,Set(41, 51, 61, 71, 72, 73, 83, 93, 94, 95, 96, 97, 98),12)
(41,71,Set(41, 51, 61, 71),3)
(41,11,Set(41, 31, 21, 11),3)
(41,74,Set(41, 51, 61, 71, 72, 73, 74),6)
(41,56,Set(41, 51, 52, 53, 54, 55, 56),6)
(41,29,Set(41, 31, 32, 33, 23, 24, 25, 26, 27, 28, 29),10)
(41,38,Set(41, 31, 32, 33, 34, 35, 36, 37, 38),8)
(41,47,Set(41, 31, 32, 33, 43, 44, 45, 46, 47),8)
(41,20,Set(41, 31, 21, 11, 12, 13, 14, 15, 16, 17, 18, 19, 20),12)
(41,65,Set(41, 51, 52, 53, 54, 55, 65),6)
(41,5,Set(41, 31, 21, 11, 12, 13, 14, 4, 5),8)
(41,14,Set(41, 31, 21, 11, 12, 13, 14),6)
(41,46,Set(41, 31, 32, 33, 43, 44, 45, 46),7)
(41,100,Set(41, 51, 61, 71, 72, 73, 83, 93, 94, 95, 96, 97, 98, 99, 100),14)
(41,91,Set(41, 51, 61, 71, 81, 91),5)
(41,55,Set(41, 51, 52, 53, 54, 55),5)
(41,73,Set(41, 51, 61, 71, 72, 73),5)
(41,64,Set(41, 51, 52, 53, 54, 64),5)
(41,58,Set(41, 51, 52, 53, 54, 55, 56, 57, 58),8)
(41,67,Set(41, 51, 52, 53, 54, 55, 65, 66, 67),8)
(41,85,Set(41, 51, 61, 71, 72, 73, 83, 84, 85),8)
(41,94,Set(41, 51, 61, 71, 72, 73, 83, 93, 94),8)
(41,40,Set(41, 31, 32, 33, 34, 35, 36, 37, 38, 39, 40),10)
(41,49,Set(41, 31, 32, 33, 34, 35, 36, 37, 38, 39, 49),10)
(41,13,Set(41, 31, 21, 11, 12, 13),5)
(41,4,Set(41, 31, 21, 11, 12, 13, 14, 4),7)
(41,76,Set(41, 51, 61, 71, 72, 73, 74, 75, 76),8)
(41,31,Set(41, 31),1)
(41,97,Set(41, 51, 61, 71, 72, 73, 83, 93, 94, 95, 96, 97),11)
(41,16,Set(41, 31, 21, 11, 12, 13, 14, 15, 16),8)
(41,79,Set(41, 51, 61, 71, 72, 73, 74, 75, 76, 77, 78, 79),11)
(41,7,Set(41, 31, 21, 11, 12, 13, 14, 4, 5, 6, 7),10)
(41,70,Set(41, 51, 52, 53, 54, 55, 56, 57, 58, 59, 69, 70),11)
(41,52,Set(41, 51, 52),2)
(41,43,Set(41, 31, 32, 33, 43),4)
(41,25,Set(41, 31, 32, 33, 23, 24, 25),6)
(41,34,Set(41, 31, 32, 33, 34),4)
(41,61,Set(41, 51, 61),2)
(41,10,Set(41, 31, 21, 11, 12, 13, 14, 15, 16, 17, 18, 19, 20, 10),13)
(41,37,Set(41, 31, 32, 33, 34, 35, 36, 37),7)
(41,1,Set(41, 31, 21, 11, 1),4)
(41,19,Set(41, 31, 21, 11, 12, 13, 14, 15, 16, 17, 18, 19),11)
(41,28,Set(41, 31, 32, 33, 23, 24, 25, 26, 27, 28),9)
(41,60,Set(41, 51, 52, 53, 54, 55, 56, 57, 58, 59, 60),10)
(41,87,Set(41, 51, 61, 71, 72, 73, 83, 84, 85, 86, 87),10)
(41,96,Set(41, 51, 61, 71, 72, 73, 83, 93, 94, 95, 96),10)
(41,69,Set(41, 51, 52, 53, 54, 55, 56, 57, 58, 59, 69),10)
(41,78,Set(41, 51, 61, 71, 72, 73, 74, 75, 76, 77, 78),10)
(41,90,Set(41, 51, 61, 71, 72, 73, 74, 75, 76, 77, 78, 79, 80, 90),13)
(41,99,Set(41, 51, 61, 71, 72, 73, 83, 93, 94, 95, 96, 97, 98, 99),13)
(41,63,Set(41, 51, 52, 53, 63),4)
(41,54,Set(41, 51, 52, 53, 54),4)
(41,45,Set(41, 31, 32, 33, 43, 44, 45),6)
(41,72,Set(41, 51, 61, 71, 72),4)
(41,81,Set(41, 51, 61, 71, 81),4)
(41,27,Set(41, 31, 32, 33, 23, 24, 25, 26, 27),8)
(41,36,Set(41, 31, 32, 33, 34, 35, 36),6)
(41,9,Set(41, 31, 21, 11, 12, 13, 14, 15, 16, 17, 18, 19, 9),12)
(41,18,Set(41, 31, 21, 11, 12, 13, 14, 15, 16, 17, 18),10)
(41,21,Set(41, 31, 21),2)
(41,57,Set(41, 51, 52, 53, 54, 55, 56, 57),7)
(41,12,Set(41, 31, 21, 11, 12),4)
(41,3,Set(41, 31, 21, 11, 12, 13, 3),6)
(41,84,Set(41, 51, 61, 71, 72, 73, 83, 84),7)
(41,93,Set(41, 51, 61, 71, 72, 73, 83, 93),7)
(41,75,Set(41, 51, 61, 71, 72, 73, 74, 75),7)
(41,30,Set(41, 31, 32, 33, 23, 24, 25, 26, 27, 28, 29, 30),11)
(41,39,Set(41, 31, 32, 33, 34, 35, 36, 37, 38, 39),9)
(41,66,Set(41, 51, 52, 53, 54, 55, 65, 66),7)
(41,15,Set(41, 31, 21, 11, 12, 13, 14, 15),7)
(41,51,Set(41, 51),1)
(41,6,Set(41, 31, 21, 11, 12, 13, 14, 4, 5, 6),9)
(41,33,Set(41, 31, 32, 33),3)
(41,24,Set(41, 31, 32, 33, 23, 24),5)
(43,92,Set(43, 53, 63, 73, 83, 93, 92),6)
(43,83,Set(43, 53, 63, 73, 83),4)
(43,95,Set(43, 44, 54, 55, 65, 75, 85, 95),7)
(43,23,Set(43, 33, 23),2)
(43,77,Set(43, 44, 54, 55, 65, 75, 76, 77),7)
(43,86,Set(43, 44, 54, 55, 65, 75, 76, 86),7)
(43,50,Set(43, 44, 54, 55, 56, 57, 58, 59, 49, 50),9)
(43,59,Set(43, 44, 54, 55, 56, 57, 58, 59),7)
(43,41,Set(43, 53, 52, 51, 41),4)
(43,32,Set(43, 33, 32),2)
(43,53,Set(43, 53),1)
(43,17,Set(43, 44, 34, 24, 14, 15, 16, 17),7)
(43,44,Set(43, 44),1)
(43,35,Set(43, 44, 34, 35),3)
(43,26,Set(43, 44, 34, 24, 25, 26),5)
(43,80,Set(43, 44, 54, 55, 65, 75, 76, 77, 78, 79, 80),10)
(43,89,Set(43, 44, 54, 55, 65, 75, 76, 77, 78, 79, 89),10)
(43,98,Set(43, 44, 54, 55, 65, 75, 76, 77, 87, 97, 98),10)
(43,71,Set(43, 53, 52, 51, 61, 71),5)
(43,11,Set(43, 33, 23, 13, 12, 11),5)
(43,74,Set(43, 44, 54, 64, 74),4)
(43,56,Set(43, 44, 54, 55, 56),4)
(43,29,Set(43, 44, 34, 24, 25, 26, 27, 28, 29),8)
(43,47,Set(43, 44, 45, 46, 47),4)
(43,38,Set(43, 44, 34, 35, 36, 37, 38),6)
(43,20,Set(43, 44, 34, 24, 14, 15, 16, 17, 18, 19, 20),10)
(43,65,Set(43, 44, 54, 55, 65),4)
(43,5,Set(43, 44, 34, 24, 14, 4, 5),6)
(43,14,Set(43, 44, 34, 24, 14),4)
(43,46,Set(43, 44, 45, 46),3)
(43,100,Set(43, 44, 54, 55, 65, 75, 76, 77, 87, 97, 98, 99, 100),12)
(43,91,Set(43, 53, 52, 51, 61, 71, 81, 91),7)
(43,55,Set(43, 44, 54, 55),3)
(43,73,Set(43, 53, 63, 73),3)
(43,64,Set(43, 44, 54, 64),3)
(43,58,Set(43, 44, 54, 55, 56, 57, 58),6)
(43,67,Set(43, 44, 54, 55, 65, 66, 67),6)
(43,94,Set(43, 44, 54, 64, 74, 84, 94),6)
(43,85,Set(43, 44, 54, 55, 65, 75, 85),6)
(43,40,Set(43, 44, 34, 35, 36, 37, 38, 39, 40),8)
(43,49,Set(43, 44, 54, 55, 56, 57, 58, 59, 49),8)
(43,13,Set(43, 33, 23, 13),3)
(43,4,Set(43, 44, 34, 24, 14, 4),5)
(43,76,Set(43, 44, 54, 55, 65, 75, 76),6)
(43,31,Set(43, 33, 32, 31),3)
(43,97,Set(43, 44, 54, 55, 65, 75, 76, 77, 87, 97),9)
(43,16,Set(43, 44, 34, 24, 14, 15, 16),6)
(43,79,Set(43, 44, 54, 55, 65, 75, 76, 77, 78, 79),9)
(43,7,Set(43, 44, 34, 24, 14, 4, 5, 6, 7),8)
(43,70,Set(43, 44, 54, 55, 56, 57, 58, 59, 69, 70),9)
(43,52,Set(43, 53, 52),2)
(43,25,Set(43, 44, 34, 24, 25),4)
(43,34,Set(43, 44, 34),2)
(43,61,Set(43, 53, 52, 51, 61),4)
(43,10,Set(43, 44, 34, 24, 14, 15, 16, 17, 18, 19, 20, 10),11)
(43,37,Set(43, 44, 34, 35, 36, 37),5)
(43,1,Set(43, 33, 23, 13, 12, 11, 1),6)
(43,19,Set(43, 44, 34, 24, 14, 15, 16, 17, 18, 19),9)
(43,28,Set(43, 44, 34, 24, 25, 26, 27, 28),7)
(43,60,Set(43, 44, 54, 55, 56, 57, 58, 59, 60),8)
(43,87,Set(43, 44, 54, 55, 65, 75, 76, 77, 87),8)
(43,96,Set(43, 44, 54, 55, 65, 75, 76, 86, 96),8)
(43,69,Set(43, 44, 54, 55, 56, 57, 58, 59, 69),8)
(43,78,Set(43, 44, 54, 55, 65, 75, 76, 77, 78),8)
(43,90,Set(43, 44, 54, 55, 65, 75, 76, 77, 78, 79, 80, 90),11)
(43,99,Set(43, 44, 54, 55, 65, 75, 76, 77, 87, 97, 98, 99),11)
(43,63,Set(43, 53, 63),2)
(43,54,Set(43, 44, 54),2)
(43,45,Set(43, 44, 45),2)
(43,81,Set(43, 53, 52, 51, 61, 71, 81),6)
(43,72,Set(43, 53, 63, 73, 72),4)
(43,36,Set(43, 44, 34, 35, 36),4)
(43,27,Set(43, 44, 34, 24, 25, 26, 27),6)
(43,9,Set(43, 44, 34, 24, 14, 15, 16, 17, 18, 19, 9),10)
(43,18,Set(43, 44, 34, 24, 14, 15, 16, 17, 18),8)
(43,21,Set(43, 33, 32, 31, 21),4)
(43,57,Set(43, 44, 54, 55, 56, 57),5)
(43,12,Set(43, 33, 23, 13, 12),4)
(43,3,Set(43, 33, 23, 13, 3),4)
(43,84,Set(43, 44, 54, 64, 74, 84),5)
(43,93,Set(43, 53, 63, 73, 83, 93),5)
(43,75,Set(43, 44, 54, 55, 65, 75),5)
(43,30,Set(43, 44, 34, 24, 25, 26, 27, 28, 29, 30),9)
(43,39,Set(43, 44, 34, 35, 36, 37, 38, 39),7)
(43,66,Set(43, 44, 54, 55, 65, 66),5)
(43,15,Set(43, 44, 34, 24, 14, 15),5)
(43,51,Set(43, 53, 52, 51),3)
(43,6,Set(43, 44, 34, 24, 14, 4, 5, 6),7)
(43,33,Set(43, 33),1)
(43,24,Set(43, 44, 34, 24),3)
(44,92,Set(44, 43, 53, 63, 73, 83, 93, 92),7)
(44,83,Set(44, 43, 53, 63, 73, 83),5)
(44,95,Set(44, 54, 55, 65, 75, 85, 95),6)
(44,23,Set(44, 43, 33, 23),3)
(44,86,Set(44, 54, 55, 65, 75, 76, 86),6)
(44,77,Set(44, 54, 55, 65, 75, 76, 77),6)
(44,50,Set(44, 54, 55, 56, 57, 58, 59, 49, 50),8)
(44,59,Set(44, 54, 55, 56, 57, 58, 59),6)
(44,32,Set(44, 43, 33, 32),3)
(44,41,Set(44, 43, 53, 52, 51, 41),5)
(44,53,Set(44, 43, 53),2)
(44,17,Set(44, 34, 24, 14, 15, 16, 17),6)
(44,35,Set(44, 34, 35),2)
(44,26,Set(44, 34, 24, 25, 26),4)
(44,80,Set(44, 54, 55, 65, 75, 76, 77, 78, 79, 80),9)
(44,89,Set(44, 54, 55, 65, 75, 76, 77, 78, 79, 89),9)
(44,98,Set(44, 54, 55, 65, 75, 76, 77, 87, 97, 98),9)
(44,71,Set(44, 43, 53, 52, 51, 61, 71),6)
(44,11,Set(44, 43, 33, 23, 13, 12, 11),6)
(44,74,Set(44, 54, 64, 74),3)
(44,56,Set(44, 54, 55, 56),3)
(44,29,Set(44, 34, 24, 25, 26, 27, 28, 29),7)
(44,47,Set(44, 45, 46, 47),3)
(44,38,Set(44, 34, 35, 36, 37, 38),5)
(44,20,Set(44, 34, 24, 14, 15, 16, 17, 18, 19, 20),9)
(44,65,Set(44, 54, 55, 65),3)
(44,5,Set(44, 34, 24, 14, 4, 5),5)
(44,14,Set(44, 34, 24, 14),3)
(44,46,Set(44, 45, 46),2)
(44,100,Set(44, 54, 55, 65, 75, 76, 77, 87, 97, 98, 99, 100),11)
(44,91,Set(44, 43, 53, 52, 51, 61, 71, 81, 91),8)
(44,55,Set(44, 54, 55),2)
(44,64,Set(44, 54, 64),2)
(44,73,Set(44, 43, 53, 63, 73),4)
(44,67,Set(44, 54, 55, 65, 66, 67),5)
(44,58,Set(44, 54, 55, 56, 57, 58),5)
(44,85,Set(44, 54, 55, 65, 75, 85),5)
(44,94,Set(44, 54, 64, 74, 84, 94),5)
(44,40,Set(44, 34, 35, 36, 37, 38, 39, 40),7)
(44,49,Set(44, 54, 55, 56, 57, 58, 59, 49),7)
(44,13,Set(44, 43, 33, 23, 13),4)
(44,4,Set(44, 34, 24, 14, 4),4)
(44,31,Set(44, 43, 33, 32, 31),4)
(44,76,Set(44, 54, 55, 65, 75, 76),5)
(44,97,Set(44, 54, 55, 65, 75, 76, 77, 87, 97),8)
(44,16,Set(44, 34, 24, 14, 15, 16),5)
(44,79,Set(44, 54, 55, 65, 75, 76, 77, 78, 79),8)
(44,7,Set(44, 34, 24, 14, 4, 5, 6, 7),7)
(44,70,Set(44, 54, 55, 56, 57, 58, 59, 69, 70),8)
(44,52,Set(44, 43, 53, 52),3)
(44,43,Set(44, 43),1)
(44,25,Set(44, 34, 24, 25),3)
(44,34,Set(44, 34),1)
(44,61,Set(44, 43, 53, 52, 51, 61),5)
(44,10,Set(44, 34, 24, 14, 15, 16, 17, 18, 19, 20, 10),10)
(44,37,Set(44, 34, 35, 36, 37),4)
(44,1,Set(44, 43, 33, 23, 13, 12, 11, 1),7)
(44,19,Set(44, 34, 24, 14, 15, 16, 17, 18, 19),8)
(44,28,Set(44, 34, 24, 25, 26, 27, 28),6)
(44,60,Set(44, 54, 55, 56, 57, 58, 59, 60),7)
(44,87,Set(44, 54, 55, 65, 75, 76, 77, 87),7)
(44,96,Set(44, 54, 55, 65, 75, 76, 86, 96),7)
(44,69,Set(44, 54, 55, 56, 57, 58, 59, 69),7)
(44,78,Set(44, 54, 55, 65, 75, 76, 77, 78),7)
(44,90,Set(44, 54, 55, 65, 75, 76, 77, 78, 79, 80, 90),10)
(44,99,Set(44, 54, 55, 65, 75, 76, 77, 87, 97, 98, 99),10)
(44,63,Set(44, 43, 53, 63),3)
(44,45,Set(44, 45),1)
(44,54,Set(44, 54),1)
(44,81,Set(44, 43, 53, 52, 51, 61, 71, 81),7)
(44,72,Set(44, 43, 53, 63, 73, 72),5)
(44,36,Set(44, 34, 35, 36),3)
(44,27,Set(44, 34, 24, 25, 26, 27),5)
(44,9,Set(44, 34, 24, 14, 15, 16, 17, 18, 19, 9),9)
(44,18,Set(44, 34, 24, 14, 15, 16, 17, 18),7)
(44,57,Set(44, 54, 55, 56, 57),4)
(44,21,Set(44, 43, 33, 32, 31, 21),5)
(44,84,Set(44, 54, 64, 74, 84),4)
(44,12,Set(44, 43, 33, 23, 13, 12),5)
(44,3,Set(44, 43, 33, 23, 13, 3),5)
(44,93,Set(44, 43, 53, 63, 73, 83, 93),6)
(44,75,Set(44, 54, 55, 65, 75),4)
(44,30,Set(44, 34, 24, 25, 26, 27, 28, 29, 30),8)
(44,39,Set(44, 34, 35, 36, 37, 38, 39),6)
(44,66,Set(44, 54, 55, 65, 66),4)
(44,15,Set(44, 34, 24, 14, 15),4)
(44,51,Set(44, 43, 53, 52, 51),4)
(44,6,Set(44, 34, 24, 14, 4, 5, 6),6)
(44,33,Set(44, 43, 33),2)
(44,24,Set(44, 34, 24),2)
(45,92,Set(45, 44, 43, 53, 63, 73, 83, 93, 92),8)
(45,83,Set(45, 44, 43, 53, 63, 73, 83),6)
(45,95,Set(45, 55, 65, 75, 85, 95),5)
(45,23,Set(45, 44, 43, 33, 23),4)
(45,77,Set(45, 55, 65, 75, 76, 77),5)
(45,86,Set(45, 55, 65, 75, 76, 86),5)
(45,50,Set(45, 55, 56, 57, 58, 59, 49, 50),7)
(45,41,Set(45, 44, 43, 53, 52, 51, 41),6)
(45,32,Set(45, 44, 43, 33, 32),4)
(45,59,Set(45, 55, 56, 57, 58, 59),5)
(45,53,Set(45, 44, 43, 53),3)
(45,35,Set(45, 35),1)
(45,44,Set(45, 44),1)
(45,17,Set(45, 35, 25, 26, 16, 17),5)
(45,26,Set(45, 35, 25, 26),3)
(45,80,Set(45, 55, 65, 75, 76, 77, 78, 79, 80),8)
(45,89,Set(45, 55, 65, 75, 76, 77, 78, 79, 89),8)
(45,98,Set(45, 55, 65, 75, 76, 77, 87, 97, 98),8)
(45,71,Set(45, 44, 43, 53, 52, 51, 61, 71),7)
(45,11,Set(45, 44, 43, 33, 23, 13, 12, 11),7)
(45,74,Set(45, 44, 54, 64, 74),4)
(45,56,Set(45, 55, 56),2)
(45,29,Set(45, 35, 25, 26, 27, 28, 29),6)
(45,47,Set(45, 46, 47),2)
(45,38,Set(45, 35, 36, 37, 38),4)
(45,20,Set(45, 35, 25, 26, 16, 17, 18, 19, 20),8)
(45,65,Set(45, 55, 65),2)
(45,5,Set(45, 35, 25, 15, 5),4)
(45,14,Set(45, 44, 34, 24, 14),4)
(45,46,Set(45, 46),1)
(45,100,Set(45, 55, 65, 75, 76, 77, 87, 97, 98, 99, 100),10)
(45,91,Set(45, 44, 43, 53, 52, 51, 61, 71, 81, 91),9)
(45,64,Set(45, 44, 54, 64),3)
(45,55,Set(45, 55),1)
(45,73,Set(45, 44, 43, 53, 63, 73),5)
(45,94,Set(45, 44, 54, 64, 74, 84, 94),6)
(45,58,Set(45, 55, 56, 57, 58),4)
(45,67,Set(45, 55, 65, 66, 67),4)
(45,85,Set(45, 55, 65, 75, 85),4)
(45,40,Set(45, 35, 36, 37, 38, 39, 40),6)
(45,49,Set(45, 55, 56, 57, 58, 59, 49),6)
(45,13,Set(45, 44, 43, 33, 23, 13),5)
(45,4,Set(45, 44, 34, 24, 14, 4),5)
(45,76,Set(45, 55, 65, 75, 76),4)
(45,31,Set(45, 44, 43, 33, 32, 31),5)
(45,97,Set(45, 55, 65, 75, 76, 77, 87, 97),7)
(45,16,Set(45, 35, 25, 26, 16),4)
(45,79,Set(45, 55, 65, 75, 76, 77, 78, 79),7)
(45,7,Set(45, 35, 25, 26, 16, 6, 7),6)
(45,70,Set(45, 55, 56, 57, 58, 59, 69, 70),7)
(45,43,Set(45, 44, 43),2)
(45,52,Set(45, 44, 43, 53, 52),4)
(45,25,Set(45, 35, 25),2)
(45,34,Set(45, 44, 34),2)
(45,61,Set(45, 44, 43, 53, 52, 51, 61),6)
(45,10,Set(45, 35, 25, 26, 16, 17, 18, 19, 20, 10),9)
(45,37,Set(45, 35, 36, 37),3)
(45,1,Set(45, 44, 43, 33, 23, 13, 12, 11, 1),8)
(45,19,Set(45, 35, 25, 26, 16, 17, 18, 19),7)
(45,28,Set(45, 35, 25, 26, 27, 28),5)
(45,60,Set(45, 55, 56, 57, 58, 59, 60),6)
(45,87,Set(45, 55, 65, 75, 76, 77, 87),6)
(45,96,Set(45, 55, 65, 75, 76, 86, 96),6)
(45,69,Set(45, 55, 56, 57, 58, 59, 69),6)
(45,78,Set(45, 55, 65, 75, 76, 77, 78),6)
(45,90,Set(45, 55, 65, 75, 76, 77, 78, 79, 80, 90),9)
(45,99,Set(45, 55, 65, 75, 76, 77, 87, 97, 98, 99),9)
(45,63,Set(45, 44, 43, 53, 63),4)
(45,54,Set(45, 44, 54),2)
(45,81,Set(45, 44, 43, 53, 52, 51, 61, 71, 81),8)
(45,72,Set(45, 44, 43, 53, 63, 73, 72),6)
(45,36,Set(45, 35, 36),2)
(45,27,Set(45, 35, 25, 26, 27),4)
(45,9,Set(45, 35, 25, 26, 16, 17, 18, 19, 9),8)
(45,18,Set(45, 35, 25, 26, 16, 17, 18),6)
(45,21,Set(45, 44, 43, 33, 32, 31, 21),6)
(45,57,Set(45, 55, 56, 57),3)
(45,3,Set(45, 44, 43, 33, 23, 13, 3),6)
(45,12,Set(45, 44, 43, 33, 23, 13, 12),6)
(45,84,Set(45, 44, 54, 64, 74, 84),5)
(45,93,Set(45, 44, 43, 53, 63, 73, 83, 93),7)
(45,75,Set(45, 55, 65, 75),3)
(45,30,Set(45, 35, 25, 26, 27, 28, 29, 30),7)
(45,39,Set(45, 35, 36, 37, 38, 39),5)
(45,66,Set(45, 55, 65, 66),3)
(45,15,Set(45, 35, 25, 15),3)
(45,51,Set(45, 44, 43, 53, 52, 51),5)
(45,24,Set(45, 44, 34, 24),3)
(45,33,Set(45, 44, 43, 33),3)
(45,6,Set(45, 35, 25, 26, 16, 6),5)
(46,92,Set(46, 56, 55, 65, 75, 74, 73, 83, 93, 92),9)
(46,83,Set(46, 56, 55, 65, 75, 74, 73, 83),7)
(46,95,Set(46, 56, 55, 65, 75, 85, 95),6)
(46,23,Set(46, 36, 26, 25, 24, 23),5)
(46,77,Set(46, 47, 57, 67, 77),4)
(46,86,Set(46, 56, 66, 76, 86),4)
(46,41,Set(46, 36, 35, 34, 33, 32, 31, 41),7)
(46,50,Set(46, 47, 57, 58, 59, 49, 50),6)
(46,59,Set(46, 47, 57, 58, 59),4)
(46,32,Set(46, 36, 35, 34, 33, 32),5)
(46,53,Set(46, 56, 55, 54, 53),4)
(46,35,Set(46, 36, 35),2)
(46,44,Set(46, 45, 44),2)
(46,17,Set(46, 47, 37, 27, 17),4)
(46,26,Set(46, 36, 26),2)
(46,80,Set(46, 47, 57, 58, 59, 69, 79, 80),7)
(46,89,Set(46, 47, 57, 58, 59, 69, 79, 89),7)
(46,71,Set(46, 56, 55, 65, 75, 74, 73, 72, 71),8)
(46,98,Set(46, 47, 57, 67, 77, 87, 97, 98),7)
(46,11,Set(46, 36, 26, 25, 24, 23, 13, 12, 11),8)
(46,74,Set(46, 56, 55, 65, 75, 74),5)
(46,56,Set(46, 56),1)
(46,29,Set(46, 47, 37, 38, 28, 29),5)
(46,38,Set(46, 47, 37, 38),3)
(46,47,Set(46, 47),1)
(46,20,Set(46, 47, 37, 38, 28, 29, 19, 20),7)
(46,65,Set(46, 56, 55, 65),3)
(46,5,Set(46, 36, 26, 25, 15, 5),5)
(46,14,Set(46, 36, 26, 25, 24, 14),5)
(46,100,Set(46, 47, 57, 58, 59, 69, 79, 80, 90, 100),9)
(46,91,Set(46, 56, 55, 65, 75, 74, 73, 72, 71, 81, 91),10)
(46,73,Set(46, 56, 55, 65, 75, 74, 73),6)
(46,55,Set(46, 56, 55),2)
(46,64,Set(46, 56, 55, 65, 64),4)
(46,94,Set(46, 56, 55, 65, 75, 74, 84, 94),7)
(46,58,Set(46, 47, 57, 58),3)
(46,67,Set(46, 47, 57, 67),3)
(46,85,Set(46, 56, 55, 65, 75, 85),5)
(46,40,Set(46, 47, 37, 38, 39, 40),5)
(46,49,Set(46, 47, 57, 58, 59, 49),5)
(46,4,Set(46, 36, 26, 25, 24, 14, 4),6)
(46,13,Set(46, 36, 26, 25, 24, 23, 13),6)
(46,31,Set(46, 36, 35, 34, 33, 32, 31),6)
(46,76,Set(46, 56, 66, 76),3)
(46,97,Set(46, 47, 57, 67, 77, 87, 97),6)
(46,16,Set(46, 36, 26, 16),3)
(46,79,Set(46, 47, 57, 58, 59, 69, 79),6)
(46,7,Set(46, 47, 37, 27, 17, 7),5)
(46,70,Set(46, 47, 57, 58, 59, 69, 70),6)
(46,43,Set(46, 45, 44, 43),3)
(46,52,Set(46, 56, 55, 54, 53, 52),5)
(46,25,Set(46, 36, 26, 25),3)
(46,34,Set(46, 36, 35, 34),3)
(46,61,Set(46, 56, 55, 54, 53, 52, 51, 61),7)
(46,10,Set(46, 47, 37, 38, 28, 29, 19, 20, 10),8)
(46,37,Set(46, 47, 37),2)
(46,1,Set(46, 36, 26, 25, 24, 23, 13, 12, 11, 1),9)
(46,19,Set(46, 47, 37, 38, 28, 29, 19),6)
(46,28,Set(46, 47, 37, 38, 28),4)
(46,60,Set(46, 47, 57, 58, 59, 60),5)
(46,87,Set(46, 47, 57, 67, 77, 87),5)
(46,96,Set(46, 56, 66, 76, 86, 96),5)
(46,78,Set(46, 47, 57, 67, 77, 78),5)
(46,69,Set(46, 47, 57, 58, 59, 69),5)
(46,90,Set(46, 47, 57, 58, 59, 69, 79, 80, 90),8)
(46,99,Set(46, 47, 57, 58, 59, 69, 79, 89, 99),8)
(46,63,Set(46, 56, 55, 65, 64, 63),5)
(46,54,Set(46, 56, 55, 54),3)
(46,45,Set(46, 45),1)
(46,81,Set(46, 56, 55, 65, 75, 74, 73, 72, 71, 81),9)
(46,72,Set(46, 56, 55, 65, 75, 74, 73, 72),7)
(46,27,Set(46, 47, 37, 27),3)
(46,36,Set(46, 36),1)
(46,9,Set(46, 47, 37, 38, 28, 29, 19, 9),7)
(46,18,Set(46, 47, 37, 38, 28, 18),5)
(46,21,Set(46, 36, 35, 34, 33, 32, 31, 21),7)
(46,57,Set(46, 47, 57),2)
(46,3,Set(46, 36, 26, 25, 24, 23, 13, 3),7)
(46,12,Set(46, 36, 26, 25, 24, 23, 13, 12),7)
(46,84,Set(46, 56, 55, 65, 75, 74, 84),6)
(46,93,Set(46, 56, 55, 65, 75, 74, 73, 83, 93),8)
(46,75,Set(46, 56, 55, 65, 75),4)
(46,30,Set(46, 47, 37, 38, 28, 29, 30),6)
(46,39,Set(46, 47, 37, 38, 39),4)
(46,66,Set(46, 56, 66),2)
(46,15,Set(46, 36, 26, 25, 15),4)
(46,51,Set(46, 56, 55, 54, 53, 52, 51),6)
(46,24,Set(46, 36, 26, 25, 24),4)
(46,33,Set(46, 36, 35, 34, 33),4)
(46,6,Set(46, 36, 26, 16, 6),4)
(47,92,Set(47, 57, 56, 55, 65, 75, 74, 73, 83, 93, 92),10)
(47,83,Set(47, 57, 56, 55, 65, 75, 74, 73, 83),8)
(47,95,Set(47, 57, 56, 55, 65, 75, 85, 95),7)
(47,23,Set(47, 46, 36, 26, 25, 24, 23),6)
(47,77,Set(47, 57, 67, 77),3)
(47,86,Set(47, 57, 56, 66, 76, 86),5)
(47,41,Set(47, 57, 56, 55, 54, 53, 52, 51, 41),8)
(47,32,Set(47, 46, 36, 35, 34, 33, 32),6)
(47,59,Set(47, 57, 58, 59),3)
(47,50,Set(47, 57, 58, 59, 49, 50),5)
(47,53,Set(47, 57, 56, 55, 54, 53),5)
(47,44,Set(47, 46, 45, 44),3)
(47,35,Set(47, 46, 36, 35),3)
(47,17,Set(47, 37, 27, 17),3)
(47,26,Set(47, 46, 36, 26),3)
(47,80,Set(47, 57, 58, 59, 69, 79, 80),6)
(47,89,Set(47, 57, 58, 59, 69, 79, 89),6)
(47,71,Set(47, 57, 56, 55, 65, 75, 74, 73, 72, 71),9)
(47,98,Set(47, 57, 67, 77, 87, 97, 98),6)
(47,11,Set(47, 46, 36, 26, 25, 24, 23, 13, 12, 11),9)
(47,74,Set(47, 57, 56, 55, 65, 75, 74),6)
(47,56,Set(47, 57, 56),2)
(47,29,Set(47, 37, 38, 28, 29),4)
(47,38,Set(47, 37, 38),2)
(47,20,Set(47, 37, 38, 28, 29, 19, 20),6)
(47,65,Set(47, 57, 56, 55, 65),4)
(47,5,Set(47, 46, 36, 26, 25, 15, 5),6)
(47,14,Set(47, 46, 36, 26, 25, 24, 14),6)
(47,46,Set(47, 46),1)
(47,100,Set(47, 57, 58, 59, 69, 79, 80, 90, 100),8)
(47,91,Set(47, 57, 56, 55, 65, 75, 74, 73, 72, 71, 81, 91),11)
(47,73,Set(47, 57, 56, 55, 65, 75, 74, 73),7)
(47,55,Set(47, 57, 56, 55),3)
(47,64,Set(47, 57, 56, 55, 65, 64),5)
(47,94,Set(47, 57, 56, 55, 65, 75, 74, 84, 94),8)
(47,85,Set(47, 57, 56, 55, 65, 75, 85),6)
(47,67,Set(47, 57, 67),2)
(47,58,Set(47, 57, 58),2)
(47,49,Set(47, 57, 58, 59, 49),4)
(47,40,Set(47, 37, 38, 39, 40),4)
(47,13,Set(47, 46, 36, 26, 25, 24, 23, 13),7)
(47,4,Set(47, 46, 36, 26, 25, 24, 14, 4),7)
(47,31,Set(47, 46, 36, 35, 34, 33, 32, 31),7)
(47,76,Set(47, 57, 56, 66, 76),4)
(47,16,Set(47, 46, 36, 26, 16),4)
(47,97,Set(47, 57, 67, 77, 87, 97),5)
(47,7,Set(47, 37, 27, 17, 7),4)
(47,79,Set(47, 57, 58, 59, 69, 79),5)
(47,52,Set(47, 57, 56, 55, 54, 53, 52),6)
(47,70,Set(47, 57, 58, 59, 69, 70),5)
(47,43,Set(47, 46, 45, 44, 43),4)
(47,25,Set(47, 46, 36, 26, 25),4)
(47,34,Set(47, 46, 36, 35, 34),4)
(47,61,Set(47, 57, 56, 55, 54, 53, 52, 51, 61),8)
(47,10,Set(47, 37, 38, 28, 29, 19, 20, 10),7)
(47,37,Set(47, 37),1)
(47,1,Set(47, 46, 36, 26, 25, 24, 23, 13, 12, 11, 1),10)
(47,28,Set(47, 37, 38, 28),3)
(47,19,Set(47, 37, 38, 28, 29, 19),5)
(47,60,Set(47, 57, 58, 59, 60),4)
(47,87,Set(47, 57, 67, 77, 87),4)
(47,96,Set(47, 57, 56, 66, 76, 86, 96),6)
(47,78,Set(47, 57, 67, 77, 78),4)
(47,69,Set(47, 57, 58, 59, 69),4)
(47,90,Set(47, 57, 58, 59, 69, 79, 80, 90),7)
(47,99,Set(47, 57, 58, 59, 69, 79, 89, 99),7)
(47,63,Set(47, 57, 56, 55, 65, 64, 63),6)
(47,45,Set(47, 46, 45),2)
(47,54,Set(47, 57, 56, 55, 54),4)
(47,81,Set(47, 57, 56, 55, 65, 75, 74, 73, 72, 71, 81),10)
(47,72,Set(47, 57, 56, 55, 65, 75, 74, 73, 72),8)
(47,27,Set(47, 37, 27),2)
(47,36,Set(47, 46, 36),2)
(47,9,Set(47, 37, 38, 28, 29, 19, 9),6)
(47,18,Set(47, 37, 38, 28, 18),4)
(47,21,Set(47, 46, 36, 35, 34, 33, 32, 31, 21),8)
(47,57,Set(47, 57),1)
(47,12,Set(47, 46, 36, 26, 25, 24, 23, 13, 12),8)
(47,3,Set(47, 46, 36, 26, 25, 24, 23, 13, 3),8)
(47,84,Set(47, 57, 56, 55, 65, 75, 74, 84),7)
(47,93,Set(47, 57, 56, 55, 65, 75, 74, 73, 83, 93),9)
(47,75,Set(47, 57, 56, 55, 65, 75),5)
(47,30,Set(47, 37, 38, 28, 29, 30),5)
(47,39,Set(47, 37, 38, 39),3)
(47,66,Set(47, 57, 56, 66),3)
(47,15,Set(47, 46, 36, 26, 25, 15),5)
(47,51,Set(47, 57, 56, 55, 54, 53, 52, 51),7)
(47,6,Set(47, 46, 36, 26, 16, 6),5)
(47,24,Set(47, 46, 36, 26, 25, 24),5)
(47,33,Set(47, 46, 36, 35, 34, 33),5)
(49,92,Set(49, 59, 58, 57, 56, 55, 65, 75, 74, 73, 83, 93, 92),12)
(49,83,Set(49, 59, 58, 57, 56, 55, 65, 75, 74, 73, 83),10)
(49,95,Set(49, 59, 58, 57, 56, 55, 65, 75, 85, 95),9)
(49,23,Set(49, 39, 29, 28, 27, 26, 25, 24, 23),8)
(49,86,Set(49, 59, 58, 57, 56, 66, 76, 86),7)
(49,77,Set(49, 59, 58, 57, 67, 77),5)
(49,41,Set(49, 59, 58, 57, 56, 55, 54, 53, 52, 51, 41),10)
(49,32,Set(49, 39, 38, 37, 36, 35, 34, 33, 32),8)
(49,50,Set(49, 50),1)
(49,59,Set(49, 59),1)
(49,53,Set(49, 59, 58, 57, 56, 55, 54, 53),7)
(49,44,Set(49, 59, 58, 57, 47, 46, 45, 44),7)
(49,17,Set(49, 39, 29, 28, 18, 17),5)
(49,35,Set(49, 39, 38, 37, 36, 35),5)
(49,26,Set(49, 39, 29, 28, 27, 26),5)
(49,89,Set(49, 59, 69, 79, 89),4)
(49,80,Set(49, 59, 69, 79, 80),4)
(49,71,Set(49, 59, 58, 57, 56, 55, 65, 75, 74, 73, 72, 71),11)
(49,98,Set(49, 59, 69, 79, 89, 99, 98),6)
(49,11,Set(49, 39, 29, 28, 18, 17, 16, 15, 14, 13, 12, 11),11)
(49,74,Set(49, 59, 58, 57, 56, 55, 65, 75, 74),8)
(49,56,Set(49, 59, 58, 57, 56),4)
(49,47,Set(49, 59, 58, 57, 47),4)
(49,38,Set(49, 39, 38),2)
(49,29,Set(49, 39, 29),2)
(49,20,Set(49, 39, 29, 19, 20),4)
(49,65,Set(49, 59, 58, 57, 56, 55, 65),6)
(49,5,Set(49, 39, 29, 28, 18, 17, 7, 6, 5),8)
(49,14,Set(49, 39, 29, 28, 18, 17, 16, 15, 14),8)
(49,46,Set(49, 59, 58, 57, 47, 46),5)
(49,100,Set(49, 59, 69, 79, 80, 90, 100),6)
(49,91,Set(49, 59, 58, 57, 56, 55, 65, 75, 74, 73, 72, 71, 81, 91),13)
(49,73,Set(49, 59, 58, 57, 56, 55, 65, 75, 74, 73),9)
(49,64,Set(49, 59, 58, 57, 56, 55, 65, 64),7)
(49,55,Set(49, 59, 58, 57, 56, 55),5)
(49,94,Set(49, 59, 58, 57, 56, 55, 65, 75, 74, 84, 94),10)
(49,85,Set(49, 59, 58, 57, 56, 55, 65, 75, 85),8)
(49,58,Set(49, 59, 58),2)
(49,67,Set(49, 59, 58, 57, 67),4)
(49,40,Set(49, 39, 40),2)
(49,13,Set(49, 39, 29, 28, 18, 17, 16, 15, 14, 13),9)
(49,4,Set(49, 39, 29, 28, 18, 17, 7, 6, 5, 4),9)
(49,31,Set(49, 39, 38, 37, 36, 35, 34, 33, 32, 31),9)
(49,76,Set(49, 59, 58, 57, 56, 66, 76),6)
(49,97,Set(49, 59, 58, 57, 67, 77, 87, 97),7)
(49,16,Set(49, 39, 29, 28, 18, 17, 16),6)
(49,79,Set(49, 59, 69, 79),3)
(49,7,Set(49, 39, 29, 28, 18, 17, 7),6)
(49,52,Set(49, 59, 58, 57, 56, 55, 54, 53, 52),8)
(49,43,Set(49, 59, 58, 57, 47, 46, 45, 44, 43),8)
(49,70,Set(49, 59, 69, 70),3)
(49,25,Set(49, 39, 29, 28, 27, 26, 25),6)
(49,34,Set(49, 39, 38, 37, 36, 35, 34),6)
(49,61,Set(49, 59, 58, 57, 56, 55, 54, 53, 52, 51, 61),10)
(49,10,Set(49, 39, 29, 19, 20, 10),5)
(49,37,Set(49, 39, 38, 37),3)
(49,1,Set(49, 39, 29, 28, 18, 17, 16, 15, 14, 13, 12, 11, 1),12)
(49,19,Set(49, 39, 29, 19),3)
(49,28,Set(49, 39, 29, 28),3)
(49,60,Set(49, 59, 60),2)
(49,87,Set(49, 59, 58, 57, 67, 77, 87),6)
(49,96,Set(49, 59, 58, 57, 56, 66, 76, 86, 96),8)
(49,78,Set(49, 59, 69, 79, 78),4)
(49,69,Set(49, 59, 69),2)
(49,63,Set(49, 59, 58, 57, 56, 55, 65, 64, 63),8)
(49,90,Set(49, 59, 69, 79, 80, 90),5)
(49,99,Set(49, 59, 69, 79, 89, 99),5)
(49,45,Set(49, 59, 58, 57, 47, 46, 45),6)
(49,54,Set(49, 59, 58, 57, 56, 55, 54),6)
(49,81,Set(49, 59, 58, 57, 56, 55, 65, 75, 74, 73, 72, 71, 81),12)
(49,72,Set(49, 59, 58, 57, 56, 55, 65, 75, 74, 73, 72),10)
(49,36,Set(49, 39, 38, 37, 36),4)
(49,27,Set(49, 39, 29, 28, 27),4)
(49,9,Set(49, 39, 29, 19, 9),4)
(49,18,Set(49, 39, 29, 28, 18),4)
(49,21,Set(49, 39, 38, 37, 36, 35, 34, 33, 32, 31, 21),10)
(49,57,Set(49, 59, 58, 57),3)
(49,12,Set(49, 39, 29, 28, 18, 17, 16, 15, 14, 13, 12),10)
(49,3,Set(49, 39, 29, 28, 18, 17, 7, 6, 5, 4, 3),10)
(49,84,Set(49, 59, 58, 57, 56, 55, 65, 75, 74, 84),9)
(49,93,Set(49, 59, 58, 57, 56, 55, 65, 75, 74, 73, 83, 93),11)
(49,75,Set(49, 59, 58, 57, 56, 55, 65, 75),7)
(49,30,Set(49, 39, 29, 30),3)
(49,39,Set(49, 39),1)
(49,66,Set(49, 59, 58, 57, 56, 66),5)
(49,15,Set(49, 39, 29, 28, 18, 17, 16, 15),7)
(49,51,Set(49, 59, 58, 57, 56, 55, 54, 53, 52, 51),9)
(49,33,Set(49, 39, 38, 37, 36, 35, 34, 33),7)
(49,24,Set(49, 39, 29, 28, 27, 26, 25, 24),7)
(49,6,Set(49, 39, 29, 28, 18, 17, 7, 6),7)
(50,92,Set(50, 49, 59, 58, 57, 56, 55, 65, 75, 74, 73, 83, 93, 92),13)
(50,83,Set(50, 49, 59, 58, 57, 56, 55, 65, 75, 74, 73, 83),11)
(50,95,Set(50, 49, 59, 58, 57, 56, 55, 65, 75, 85, 95),10)
(50,23,Set(50, 40, 39, 29, 28, 27, 26, 25, 24, 23),9)
(50,77,Set(50, 49, 59, 58, 57, 67, 77),6)
(50,86,Set(50, 49, 59, 58, 57, 56, 66, 76, 86),8)
(50,41,Set(50, 40, 39, 38, 37, 36, 35, 34, 33, 32, 31, 41),11)
(50,32,Set(50, 40, 39, 38, 37, 36, 35, 34, 33, 32),9)
(50,59,Set(50, 49, 59),2)
(50,53,Set(50, 49, 59, 58, 57, 56, 55, 54, 53),8)
(50,44,Set(50, 40, 39, 38, 37, 47, 46, 45, 44),8)
(50,17,Set(50, 40, 39, 29, 28, 18, 17),6)
(50,35,Set(50, 40, 39, 38, 37, 36, 35),6)
(50,26,Set(50, 40, 39, 29, 28, 27, 26),6)
(50,89,Set(50, 49, 59, 69, 79, 89),5)
(50,80,Set(50, 60, 70, 80),3)
(50,71,Set(50, 49, 59, 58, 57, 56, 55, 65, 75, 74, 73, 72, 71),12)
(50,98,Set(50, 49, 59, 69, 79, 89, 99, 98),7)
(50,11,Set(50, 40, 39, 29, 28, 18, 17, 16, 15, 14, 13, 12, 11),12)
(50,74,Set(50, 49, 59, 58, 57, 56, 55, 65, 75, 74),9)
(50,56,Set(50, 49, 59, 58, 57, 56),5)
(50,38,Set(50, 40, 39, 38),3)
(50,29,Set(50, 40, 39, 29),3)
(50,47,Set(50, 40, 39, 38, 37, 47),5)
(50,20,Set(50, 40, 30, 20),3)
(50,65,Set(50, 49, 59, 58, 57, 56, 55, 65),7)
(50,5,Set(50, 40, 39, 29, 28, 18, 17, 7, 6, 5),9)
(50,14,Set(50, 40, 39, 29, 28, 18, 17, 16, 15, 14),9)
(50,46,Set(50, 40, 39, 38, 37, 47, 46),6)
(50,100,Set(50, 60, 70, 80, 90, 100),5)
(50,91,Set(50, 49, 59, 58, 57, 56, 55, 65, 75, 74, 73, 72, 71, 81, 91),14)
(50,73,Set(50, 49, 59, 58, 57, 56, 55, 65, 75, 74, 73),10)
(50,64,Set(50, 49, 59, 58, 57, 56, 55, 65, 64),8)
(50,55,Set(50, 49, 59, 58, 57, 56, 55),6)
(50,94,Set(50, 49, 59, 58, 57, 56, 55, 65, 75, 74, 84, 94),11)
(50,85,Set(50, 49, 59, 58, 57, 56, 55, 65, 75, 85),9)
(50,67,Set(50, 49, 59, 58, 57, 67),5)
(50,58,Set(50, 49, 59, 58),3)
(50,49,Set(50, 49),1)
(50,40,Set(50, 40),1)
(50,13,Set(50, 40, 39, 29, 28, 18, 17, 16, 15, 14, 13),10)
(50,4,Set(50, 40, 39, 29, 28, 18, 17, 7, 6, 5, 4),10)
(50,31,Set(50, 40, 39, 38, 37, 36, 35, 34, 33, 32, 31),10)
(50,76,Set(50, 49, 59, 58, 57, 56, 66, 76),7)
(50,97,Set(50, 49, 59, 58, 57, 67, 77, 87, 97),8)
(50,16,Set(50, 40, 39, 29, 28, 18, 17, 16),7)
(50,79,Set(50, 49, 59, 69, 79),4)
(50,7,Set(50, 40, 39, 29, 28, 18, 17, 7),7)
(50,52,Set(50, 49, 59, 58, 57, 56, 55, 54, 53, 52),9)
(50,43,Set(50, 40, 39, 38, 37, 47, 46, 45, 44, 43),9)
(50,70,Set(50, 60, 70),2)
(50,25,Set(50, 40, 39, 29, 28, 27, 26, 25),7)
(50,34,Set(50, 40, 39, 38, 37, 36, 35, 34),7)
(50,61,Set(50, 49, 59, 58, 57, 56, 55, 54, 53, 52, 51, 61),11)
(50,10,Set(50, 40, 30, 20, 10),4)
(50,37,Set(50, 40, 39, 38, 37),4)
(50,1,Set(50, 40, 39, 29, 28, 18, 17, 16, 15, 14, 13, 12, 11, 1),13)
(50,19,Set(50, 40, 39, 29, 19),4)
(50,28,Set(50, 40, 39, 29, 28),4)
(50,60,Set(50, 60),1)
(50,87,Set(50, 49, 59, 58, 57, 67, 77, 87),7)
(50,96,Set(50, 49, 59, 58, 57, 56, 66, 76, 86, 96),9)
(50,78,Set(50, 49, 59, 69, 79, 78),5)
(50,69,Set(50, 49, 59, 69),3)
(50,63,Set(50, 49, 59, 58, 57, 56, 55, 65, 64, 63),9)
(50,90,Set(50, 60, 70, 80, 90),4)
(50,99,Set(50, 49, 59, 69, 79, 89, 99),6)
(50,45,Set(50, 40, 39, 38, 37, 47, 46, 45),7)
(50,54,Set(50, 49, 59, 58, 57, 56, 55, 54),7)
(50,81,Set(50, 49, 59, 58, 57, 56, 55, 65, 75, 74, 73, 72, 71, 81),13)
(50,72,Set(50, 49, 59, 58, 57, 56, 55, 65, 75, 74, 73, 72),11)
(50,27,Set(50, 40, 39, 29, 28, 27),5)
(50,36,Set(50, 40, 39, 38, 37, 36),5)
(50,18,Set(50, 40, 39, 29, 28, 18),5)
(50,9,Set(50, 40, 39, 29, 19, 9),5)
(50,21,Set(50, 40, 39, 38, 37, 36, 35, 34, 33, 32, 31, 21),11)
(50,57,Set(50, 49, 59, 58, 57),4)
(50,12,Set(50, 40, 39, 29, 28, 18, 17, 16, 15, 14, 13, 12),11)
(50,3,Set(50, 40, 39, 29, 28, 18, 17, 7, 6, 5, 4, 3),11)
(50,84,Set(50, 49, 59, 58, 57, 56, 55, 65, 75, 74, 84),10)
(50,93,Set(50, 49, 59, 58, 57, 56, 55, 65, 75, 74, 73, 83, 93),12)
(50,75,Set(50, 49, 59, 58, 57, 56, 55, 65, 75),8)
(50,30,Set(50, 40, 30),2)
(50,39,Set(50, 40, 39),2)
(50,66,Set(50, 49, 59, 58, 57, 56, 66),6)
(50,15,Set(50, 40, 39, 29, 28, 18, 17, 16, 15),8)
(50,51,Set(50, 49, 59, 58, 57, 56, 55, 54, 53, 52, 51),10)
(50,33,Set(50, 40, 39, 38, 37, 36, 35, 34, 33),8)
(50,24,Set(50, 40, 39, 29, 28, 27, 26, 25, 24),8)
(50,6,Set(50, 40, 39, 29, 28, 18, 17, 7, 6),8)
