(3,23,Set(3, 10, 17, 24, 23),4)
(3,41,Set(3, 4, 11, 18, 25, 26, 27, 34, 41),8)
(3,32,Set(3, 4, 11, 18, 25, 32),5)
(3,35,Set(3, 4, 11, 18, 25, 26, 27, 28, 35),8)
(3,44,Set(3, 10, 17, 24, 23, 30, 37, 44),7)
(3,17,Set(3, 10, 17),2)
(3,26,Set(3, 4, 11, 18, 25, 26),5)
(3,11,Set(3, 4, 11),2)
(3,47,Set(3, 4, 11, 18, 25, 26, 33, 40, 47),8)
(3,29,Set(3, 10, 17, 24, 23, 30, 29),6)
(3,38,Set(3, 10, 17, 24, 31, 38),5)
(3,20,Set(3, 4, 11, 18, 19, 20),5)
(3,5,Set(3, 4, 5),2)
(3,14,Set(3, 4, 11, 12, 13, 14),5)
(3,46,Set(3, 4, 11, 18, 25, 32, 39, 46),7)
(3,40,Set(3, 4, 11, 18, 25, 26, 33, 40),7)
(3,4,Set(3, 4),1)
(3,13,Set(3, 4, 11, 12, 13),4)
(3,31,Set(3, 10, 17, 24, 31),4)
(3,16,Set(3, 10, 17, 16),3)
(3,7,Set(3, 4, 5, 6, 7),4)
(3,43,Set(3, 10, 17, 24, 23, 30, 29, 36, 43),8)
(3,34,Set(3, 4, 11, 18, 25, 26, 27, 34),7)
(3,25,Set(3, 4, 11, 18, 25),4)
(3,10,Set(3, 10),1)
(3,37,Set(3, 10, 17, 24, 23, 30, 37),6)
(3,28,Set(3, 4, 11, 18, 25, 26, 27, 28),7)
(3,19,Set(3, 4, 11, 18, 19),4)
(3,45,Set(3, 10, 17, 24, 31, 38, 45),6)
(3,36,Set(3, 10, 17, 24, 23, 30, 29, 36),7)
(3,27,Set(3, 4, 11, 18, 25, 26, 27),6)
(3,18,Set(3, 4, 11, 18),3)
(3,9,Set(3, 10, 9),2)
(3,21,Set(3, 4, 11, 18, 19, 20, 21),6)
(3,12,Set(3, 4, 11, 12),3)
(3,39,Set(3, 4, 11, 18, 25, 32, 39),6)
(3,30,Set(3, 10, 17, 24, 23, 30),5)
(3,15,Set(3, 10, 17, 16, 15),4)
(3,33,Set(3, 4, 11, 18, 25, 26, 33),6)
(3,6,Set(3, 4, 5, 6),3)
(3,24,Set(3, 10, 17, 24),3)
(4,23,Set(4, 11, 10, 17, 24, 23),5)
(4,41,Set(4, 11, 18, 25, 26, 27, 34, 41),7)
(4,32,Set(4, 11, 18, 25, 32),4)
(4,44,Set(4, 11, 10, 17, 24, 23, 30, 37, 44),8)
(4,35,Set(4, 11, 18, 25, 26, 27, 28, 35),7)
(4,17,Set(4, 11, 10, 17),3)
(4,26,Set(4, 11, 18, 25, 26),4)
(4,11,Set(4, 11),1)
(4,29,Set(4, 11, 10, 17, 24, 23, 30, 29),7)
(4,47,Set(4, 11, 18, 25, 26, 33, 40, 47),7)
(4,38,Set(4, 11, 10, 17, 24, 31, 38),6)
(4,20,Set(4, 11, 18, 19, 20),4)
(4,5,Set(4, 5),1)
(4,14,Set(4, 11, 12, 13, 14),4)
(4,46,Set(4, 11, 18, 25, 32, 39, 46),6)
(4,40,Set(4, 11, 18, 25, 26, 33, 40),6)
(4,13,Set(4, 11, 12, 13),3)
(4,31,Set(4, 11, 10, 17, 24, 31),5)
(4,7,Set(4, 5, 6, 7),3)
(4,16,Set(4, 11, 10, 17, 16),4)
(4,43,Set(4, 11, 10, 17, 24, 23, 30, 29, 36, 43),9)
(4,34,Set(4, 11, 18, 25, 26, 27, 34),6)
(4,25,Set(4, 11, 18, 25),3)
(4,37,Set(4, 11, 10, 17, 24, 23, 30, 37),7)
(4,10,Set(4, 11, 10),2)
(4,28,Set(4, 11, 18, 25, 26, 27, 28),6)
(4,19,Set(4, 11, 18, 19),3)
(4,45,Set(4, 11, 10, 17, 24, 31, 38, 45),7)
(4,36,Set(4, 11, 10, 17, 24, 23, 30, 29, 36),8)
(4,9,Set(4, 11, 10, 9),3)
(4,18,Set(4, 11, 18),2)
(4,27,Set(4, 11, 18, 25, 26, 27),5)
(4,12,Set(4, 11, 12),2)
(4,3,Set(4, 3),1)
(4,21,Set(4, 11, 18, 19, 20, 21),5)
(4,30,Set(4, 11, 10, 17, 24, 23, 30),6)
(4,39,Set(4, 11, 18, 25, 32, 39),5)
(4,15,Set(4, 11, 10, 17, 16, 15),5)
(4,6,Set(4, 5, 6),2)
(4,24,Set(4, 11, 10, 17, 24),4)
(4,33,Set(4, 11, 18, 25, 26, 33),5)
(5,23,Set(5, 4, 11, 10, 17, 24, 23),6)
(5,41,Set(5, 6, 13, 20, 27, 34, 41),6)
(5,32,Set(5, 4, 11, 18, 25, 32),5)
(5,44,Set(5, 4, 11, 10, 17, 24, 23, 30, 37, 44),9)
(5,35,Set(5, 6, 7, 14, 21, 28, 35),6)
(5,17,Set(5, 4, 11, 10, 17),4)
(5,26,Set(5, 12, 19, 26),3)
(5,11,Set(5, 4, 11),2)
(5,29,Set(5, 4, 11, 10, 17, 24, 23, 30, 29),8)
(5,38,Set(5, 4, 11, 10, 17, 24, 31, 38),7)
(5,47,Set(5, 12, 19, 26, 33, 40, 47),6)
(5,20,Set(5, 6, 13, 20),3)
(5,14,Set(5, 6, 7, 14),3)
(5,46,Set(5, 4, 11, 18, 25, 32, 39, 46),7)
(5,40,Set(5, 12, 19, 26, 33, 40),5)
(5,13,Set(5, 6, 13),2)
(5,4,Set(5, 4),1)
(5,31,Set(5, 4, 11, 10, 17, 24, 31),6)
(5,7,Set(5, 6, 7),2)
(5,16,Set(5, 4, 11, 10, 17, 16),5)
(5,43,Set(5, 4, 11, 10, 17, 24, 23, 30, 29, 36, 43),10)
(5,25,Set(5, 4, 11, 18, 25),4)
(5,34,Set(5, 6, 13, 20, 27, 34),5)
(5,37,Set(5, 4, 11, 10, 17, 24, 23, 30, 37),8)
(5,10,Set(5, 4, 11, 10),3)
(5,19,Set(5, 12, 19),2)
(5,28,Set(5, 6, 7, 14, 21, 28),5)
(5,45,Set(5, 4, 11, 10, 17, 24, 31, 38, 45),8)
(5,36,Set(5, 4, 11, 10, 17, 24, 23, 30, 29, 36),9)
(5,18,Set(5, 4, 11, 18),3)
(5,27,Set(5, 6, 13, 20, 27),4)
(5,9,Set(5, 4, 11, 10, 9),4)
(5,3,Set(5, 4, 3),2)
(5,12,Set(5, 12),1)
(5,21,Set(5, 6, 7, 14, 21),4)
(5,30,Set(5, 4, 11, 10, 17, 24, 23, 30),7)
(5,39,Set(5, 4, 11, 18, 25, 32, 39),6)
(5,15,Set(5, 4, 11, 10, 17, 16, 15),6)
(5,6,Set(5, 6),1)
(5,33,Set(5, 12, 19, 26, 33),4)
(5,24,Set(5, 4, 11, 10, 17, 24),5)
(6,23,Set(6, 5, 4, 11, 10, 17, 24, 23),7)
(6,32,Set(6, 5, 4, 11, 18, 25, 32),6)
(6,41,Set(6, 13, 20, 27, 34, 41),5)
(6,44,Set(6, 5, 4, 11, 10, 17, 24, 23, 30, 37, 44),10)
(6,17,Set(6, 5, 4, 11, 10, 17),5)
(6,35,Set(6, 7, 14, 21, 28, 35),5)
(6,26,Set(6, 5, 12, 19, 26),4)
(6,11,Set(6, 5, 4, 11),3)
(6,29,Set(6, 5, 4, 11, 10, 17, 24, 23, 30, 29),9)
(6,38,Set(6, 5, 4, 11, 10, 17, 24, 31, 38),8)
(6,47,Set(6, 5, 12, 19, 26, 33, 40, 47),7)
(6,20,Set(6, 13, 20),2)
(6,5,Set(6, 5),1)
(6,14,Set(6, 7, 14),2)
(6,46,Set(6, 5, 4, 11, 18, 25, 32, 39, 46),8)
(6,40,Set(6, 5, 12, 19, 26, 33, 40),6)
(6,4,Set(6, 5, 4),2)
(6,13,Set(6, 13),1)
(6,31,Set(6, 5, 4, 11, 10, 17, 24, 31),7)
(6,7,Set(6, 7),1)
(6,16,Set(6, 5, 4, 11, 10, 17, 16),6)
(6,43,Set(6, 5, 4, 11, 10, 17, 24, 23, 30, 29, 36, 43),11)
(6,34,Set(6, 13, 20, 27, 34),4)
(6,25,Set(6, 5, 4, 11, 18, 25),5)
(6,37,Set(6, 5, 4, 11, 10, 17, 24, 23, 30, 37),9)
(6,10,Set(6, 5, 4, 11, 10),4)
(6,19,Set(6, 5, 12, 19),3)
(6,28,Set(6, 7, 14, 21, 28),4)
(6,45,Set(6, 5, 4, 11, 10, 17, 24, 31, 38, 45),9)
(6,36,Set(6, 5, 4, 11, 10, 17, 24, 23, 30, 29, 36),10)
(6,18,Set(6, 5, 4, 11, 18),4)
(6,27,Set(6, 13, 20, 27),3)
(6,9,Set(6, 5, 4, 11, 10, 9),5)
(6,3,Set(6, 5, 4, 3),3)
(6,21,Set(6, 7, 14, 21),3)
(6,12,Set(6, 5, 12),2)
(6,30,Set(6, 5, 4, 11, 10, 17, 24, 23, 30),8)
(6,39,Set(6, 5, 4, 11, 18, 25, 32, 39),7)
(6,15,Set(6, 5, 4, 11, 10, 17, 16, 15),7)
(6,33,Set(6, 5, 12, 19, 26, 33),5)
(6,24,Set(6, 5, 4, 11, 10, 17, 24),6)
(7,23,Set(7, 14, 21, 28, 27, 26, 25, 24, 23),8)
(7,32,Set(7, 14, 21, 28, 35, 34, 33, 32),7)
(7,41,Set(7, 14, 21, 28, 35, 34, 41),6)
(7,44,Set(7, 14, 21, 28, 35, 34, 41, 40, 47, 46, 45, 44),11)
(7,35,Set(7, 14, 21, 28, 35),4)
(7,17,Set(7, 14, 21, 20, 19, 18, 17),6)
(7,26,Set(7, 14, 21, 28, 27, 26),5)
(7,11,Set(7, 14, 13, 12, 11),4)
(7,29,Set(7, 14, 21, 28, 35, 34, 33, 32, 31, 30, 29),10)
(7,38,Set(7, 14, 21, 28, 35, 34, 41, 40, 39, 38),9)
(7,47,Set(7, 14, 21, 28, 35, 34, 41, 40, 47),8)
(7,20,Set(7, 14, 21, 20),3)
(7,5,Set(7, 6, 5),2)
(7,14,Set(7, 14),1)
(7,46,Set(7, 14, 21, 28, 35, 34, 41, 40, 47, 46),9)
(7,40,Set(7, 14, 21, 28, 35, 34, 41, 40),7)
(7,4,Set(7, 6, 5, 4),3)
(7,13,Set(7, 14, 13),2)
(7,31,Set(7, 14, 21, 28, 35, 34, 33, 32, 31),8)
(7,16,Set(7, 14, 21, 20, 19, 18, 17, 16),7)
(7,43,Set(7, 14, 21, 28, 35, 34, 41, 40, 47, 46, 45, 44, 43),12)
(7,34,Set(7, 14, 21, 28, 35, 34),5)
(7,25,Set(7, 14, 21, 28, 27, 26, 25),6)
(7,37,Set(7, 14, 21, 28, 35, 34, 41, 40, 39, 38, 37),10)
(7,10,Set(7, 14, 13, 12, 11, 10),5)
(7,19,Set(7, 14, 21, 20, 19),4)
(7,28,Set(7, 14, 21, 28),3)
(7,45,Set(7, 14, 21, 28, 35, 34, 41, 40, 47, 46, 45),10)
(7,36,Set(7, 14, 21, 28, 35, 34, 41, 40, 39, 38, 37, 36),11)
(7,27,Set(7, 14, 21, 28, 27),4)
(7,18,Set(7, 14, 21, 20, 19, 18),5)
(7,9,Set(7, 14, 13, 12, 11, 10, 9),6)
(7,3,Set(7, 6, 5, 4, 3),4)
(7,12,Set(7, 14, 13, 12),3)
(7,21,Set(7, 14, 21),2)
(7,30,Set(7, 14, 21, 28, 35, 34, 33, 32, 31, 30),9)
(7,39,Set(7, 14, 21, 28, 35, 34, 41, 40, 39),8)
(7,15,Set(7, 14, 21, 20, 19, 18, 17, 16, 15),8)
(7,6,Set(7, 6),1)
(7,33,Set(7, 14, 21, 28, 35, 34, 33),6)
(7,24,Set(7, 14, 21, 28, 27, 26, 25, 24),7)
(9,23,Set(9, 16, 23),2)
(9,41,Set(9, 10, 11, 18, 25, 26, 27, 34, 41),8)
(9,32,Set(9, 10, 11, 18, 25, 32),5)
(9,35,Set(9, 10, 11, 18, 25, 26, 27, 28, 35),8)
(9,17,Set(9, 10, 17),2)
(9,44,Set(9, 16, 23, 30, 37, 44),5)
(9,26,Set(9, 10, 11, 18, 25, 26),5)
(9,11,Set(9, 10, 11),2)
(9,47,Set(9, 10, 11, 18, 25, 26, 33, 40, 47),8)
(9,29,Set(9, 16, 23, 30, 29),4)
(9,38,Set(9, 10, 17, 24, 31, 38),5)
(9,20,Set(9, 10, 11, 18, 19, 20),5)
(9,5,Set(9, 10, 11, 4, 5),4)
(9,14,Set(9, 10, 11, 12, 13, 14),5)
(9,46,Set(9, 10, 11, 18, 25, 32, 39, 46),7)
(9,40,Set(9, 10, 11, 18, 25, 26, 33, 40),7)
(9,4,Set(9, 10, 11, 4),3)
(9,13,Set(9, 10, 11, 12, 13),4)
(9,31,Set(9, 10, 17, 24, 31),4)
(9,7,Set(9, 10, 11, 4, 5, 6, 7),6)
(9,16,Set(9, 16),1)
(9,43,Set(9, 16, 23, 30, 29, 36, 43),6)
(9,34,Set(9, 10, 11, 18, 25, 26, 27, 34),7)
(9,25,Set(9, 10, 11, 18, 25),4)
(9,10,Set(9, 10),1)
(9,37,Set(9, 16, 23, 30, 37),4)
(9,28,Set(9, 10, 11, 18, 25, 26, 27, 28),7)
(9,19,Set(9, 10, 11, 18, 19),4)
(9,45,Set(9, 10, 17, 24, 31, 38, 45),6)
(9,27,Set(9, 10, 11, 18, 25, 26, 27),6)
(9,18,Set(9, 10, 11, 18),3)
(9,36,Set(9, 16, 23, 30, 29, 36),5)
(9,21,Set(9, 10, 11, 18, 19, 20, 21),6)
(9,12,Set(9, 10, 11, 12),3)
(9,3,Set(9, 10, 3),2)
(9,39,Set(9, 10, 11, 18, 25, 32, 39),6)
(9,30,Set(9, 16, 23, 30),3)
(9,15,Set(9, 16, 15),2)
(9,33,Set(9, 10, 11, 18, 25, 26, 33),6)
(9,6,Set(9, 10, 11, 4, 5, 6),5)
(9,24,Set(9, 10, 17, 24),3)
(10,23,Set(10, 17, 24, 23),3)
(10,41,Set(10, 11, 18, 25, 26, 27, 34, 41),7)
(10,32,Set(10, 11, 18, 25, 32),4)
(10,35,Set(10, 11, 18, 25, 26, 27, 28, 35),7)
(10,44,Set(10, 17, 24, 23, 30, 37, 44),6)
(10,17,Set(10, 17),1)
(10,26,Set(10, 11, 18, 25, 26),4)
(10,11,Set(10, 11),1)
(10,47,Set(10, 11, 18, 25, 26, 33, 40, 47),7)
(10,38,Set(10, 17, 24, 31, 38),4)
(10,29,Set(10, 17, 24, 23, 30, 29),5)
(10,20,Set(10, 11, 18, 19, 20),4)
(10,5,Set(10, 11, 4, 5),3)
(10,14,Set(10, 11, 12, 13, 14),4)
(10,46,Set(10, 11, 18, 25, 32, 39, 46),6)
(10,40,Set(10, 11, 18, 25, 26, 33, 40),6)
(10,4,Set(10, 11, 4),2)
(10,13,Set(10, 11, 12, 13),3)
(10,31,Set(10, 17, 24, 31),3)
(10,7,Set(10, 11, 4, 5, 6, 7),5)
(10,16,Set(10, 17, 16),2)
(10,43,Set(10, 17, 24, 23, 30, 29, 36, 43),7)
(10,34,Set(10, 11, 18, 25, 26, 27, 34),6)
(10,25,Set(10, 11, 18, 25),3)
(10,37,Set(10, 17, 24, 23, 30, 37),5)
(10,28,Set(10, 11, 18, 25, 26, 27, 28),6)
(10,19,Set(10, 11, 18, 19),3)
(10,45,Set(10, 17, 24, 31, 38, 45),5)
(10,36,Set(10, 17, 24, 23, 30, 29, 36),6)
(10,27,Set(10, 11, 18, 25, 26, 27),5)
(10,18,Set(10, 11, 18),2)
(10,9,Set(10, 9),1)
(10,21,Set(10, 11, 18, 19, 20, 21),5)
(10,12,Set(10, 11, 12),2)
(10,3,Set(10, 3),1)
(10,39,Set(10, 11, 18, 25, 32, 39),5)
(10,30,Set(10, 17, 24, 23, 30),4)
(10,15,Set(10, 17, 16, 15),3)
(10,33,Set(10, 11, 18, 25, 26, 33),5)
(10,24,Set(10, 17, 24),2)
(10,6,Set(10, 11, 4, 5, 6),4)
(11,23,Set(11, 10, 17, 24, 23),4)
(11,41,Set(11, 18, 25, 26, 27, 34, 41),6)
(11,32,Set(11, 18, 25, 32),3)
(11,44,Set(11, 10, 17, 24, 23, 30, 37, 44),7)
(11,35,Set(11, 18, 25, 26, 27, 28, 35),6)
(11,17,Set(11, 10, 17),2)
(11,26,Set(11, 18, 25, 26),3)
(11,29,Set(11, 10, 17, 24, 23, 30, 29),6)
(11,47,Set(11, 18, 25, 26, 33, 40, 47),6)
(11,38,Set(11, 10, 17, 24, 31, 38),5)
(11,20,Set(11, 18, 19, 20),3)
(11,5,Set(11, 4, 5),2)
(11,14,Set(11, 12, 13, 14),3)
(11,46,Set(11, 18, 25, 32, 39, 46),5)
(11,40,Set(11, 18, 25, 26, 33, 40),5)
(11,13,Set(11, 12, 13),2)
(11,4,Set(11, 4),1)
(11,31,Set(11, 10, 17, 24, 31),4)
(11,16,Set(11, 10, 17, 16),3)
(11,7,Set(11, 4, 5, 6, 7),4)
(11,43,Set(11, 10, 17, 24, 23, 30, 29, 36, 43),8)
(11,34,Set(11, 18, 25, 26, 27, 34),5)
(11,25,Set(11, 18, 25),2)
(11,37,Set(11, 10, 17, 24, 23, 30, 37),6)
(11,10,Set(11, 10),1)
(11,28,Set(11, 18, 25, 26, 27, 28),5)
(11,19,Set(11, 18, 19),2)
(11,45,Set(11, 10, 17, 24, 31, 38, 45),6)
(11,36,Set(11, 10, 17, 24, 23, 30, 29, 36),7)
(11,9,Set(11, 10, 9),2)
(11,18,Set(11, 18),1)
(11,27,Set(11, 18, 25, 26, 27),4)
(11,3,Set(11, 4, 3),2)
(11,12,Set(11, 12),1)
(11,21,Set(11, 18, 19, 20, 21),4)
(11,30,Set(11, 10, 17, 24, 23, 30),5)
(11,39,Set(11, 18, 25, 32, 39),4)
(11,15,Set(11, 10, 17, 16, 15),4)
(11,6,Set(11, 4, 5, 6),3)
(11,24,Set(11, 10, 17, 24),3)
(11,33,Set(11, 18, 25, 26, 33),4)
(12,23,Set(12, 11, 10, 17, 24, 23),5)
(12,41,Set(12, 13, 20, 27, 34, 41),5)
(12,32,Set(12, 11, 18, 25, 32),4)
(12,44,Set(12, 11, 10, 17, 24, 23, 30, 37, 44),8)
(12,35,Set(12, 13, 14, 21, 28, 35),5)
(12,17,Set(12, 11, 10, 17),3)
(12,26,Set(12, 19, 26),2)
(12,11,Set(12, 11),1)
(12,29,Set(12, 11, 10, 17, 24, 23, 30, 29),7)
(12,38,Set(12, 11, 10, 17, 24, 31, 38),6)
(12,47,Set(12, 19, 26, 33, 40, 47),5)
(12,20,Set(12, 13, 20),2)
(12,5,Set(12, 5),1)
(12,14,Set(12, 13, 14),2)
(12,46,Set(12, 11, 18, 25, 32, 39, 46),6)
(12,40,Set(12, 19, 26, 33, 40),4)
(12,4,Set(12, 11, 4),2)
(12,13,Set(12, 13),1)
(12,31,Set(12, 11, 10, 17, 24, 31),5)
(12,7,Set(12, 5, 6, 7),3)
(12,16,Set(12, 11, 10, 17, 16),4)
(12,43,Set(12, 11, 10, 17, 24, 23, 30, 29, 36, 43),9)
(12,25,Set(12, 11, 18, 25),3)
(12,34,Set(12, 13, 20, 27, 34),4)
(12,37,Set(12, 11, 10, 17, 24, 23, 30, 37),7)
(12,10,Set(12, 11, 10),2)
(12,19,Set(12, 19),1)
(12,28,Set(12, 13, 14, 21, 28),4)
(12,45,Set(12, 11, 10, 17, 24, 31, 38, 45),7)
(12,36,Set(12, 11, 10, 17, 24, 23, 30, 29, 36),8)
(12,27,Set(12, 13, 20, 27),3)
(12,18,Set(12, 11, 18),2)
(12,9,Set(12, 11, 10, 9),3)
(12,21,Set(12, 13, 14, 21),3)
(12,3,Set(12, 11, 4, 3),3)
(12,30,Set(12, 11, 10, 17, 24, 23, 30),6)
(12,39,Set(12, 11, 18, 25, 32, 39),5)
(12,15,Set(12, 11, 10, 17, 16, 15),5)
(12,6,Set(12, 5, 6),2)
(12,33,Set(12, 19, 26, 33),3)
(12,24,Set(12, 11, 10, 17, 24),4)
(13,23,Set(13, 20, 19, 26, 25, 24, 23),6)
(13,32,Set(13, 20, 19, 26, 25, 32),5)
(13,41,Set(13, 20, 27, 34, 41),4)
(13,44,Set(13, 20, 19, 26, 25, 24, 23, 30, 37, 44),9)
(13,17,Set(13, 20, 19, 18, 17),4)
(13,35,Set(13, 14, 21, 28, 35),4)
(13,26,Set(13, 20, 19, 26),3)
(13,11,Set(13, 12, 11),2)
(13,29,Set(13, 20, 19, 26, 25, 24, 23, 30, 29),8)
(13,38,Set(13, 20, 19, 26, 25, 24, 31, 38),7)
(13,47,Set(13, 20, 19, 26, 33, 40, 47),6)
(13,20,Set(13, 20),1)
(13,5,Set(13, 6, 5),2)
(13,14,Set(13, 14),1)
(13,46,Set(13, 20, 19, 26, 25, 32, 39, 46),7)
(13,40,Set(13, 20, 19, 26, 33, 40),5)
(13,4,Set(13, 6, 5, 4),3)
(13,31,Set(13, 20, 19, 26, 25, 24, 31),6)
(13,7,Set(13, 14, 7),2)
(13,16,Set(13, 20, 19, 18, 17, 16),5)
(13,43,Set(13, 20, 19, 26, 25, 24, 23, 30, 29, 36, 43),10)
(13,34,Set(13, 20, 27, 34),3)
(13,25,Set(13, 20, 19, 26, 25),4)
(13,37,Set(13, 20, 19, 26, 25, 24, 23, 30, 37),8)
(13,10,Set(13, 12, 11, 10),3)
(13,19,Set(13, 20, 19),2)
(13,28,Set(13, 14, 21, 28),3)
(13,45,Set(13, 20, 19, 26, 25, 24, 31, 38, 45),8)
(13,36,Set(13, 20, 19, 26, 25, 24, 23, 30, 29, 36),9)
(13,18,Set(13, 20, 19, 18),3)
(13,27,Set(13, 20, 27),2)
(13,9,Set(13, 12, 11, 10, 9),4)
(13,21,Set(13, 14, 21),2)
(13,12,Set(13, 12),1)
(13,3,Set(13, 6, 5, 4, 3),4)
(13,30,Set(13, 20, 19, 26, 25, 24, 23, 30),7)
(13,39,Set(13, 20, 19, 26, 25, 32, 39),6)
(13,15,Set(13, 20, 19, 18, 17, 16, 15),6)
(13,6,Set(13, 6),1)
(13,33,Set(13, 20, 19, 26, 33),4)
(13,24,Set(13, 20, 19, 26, 25, 24),5)
