(26,23,Set(26, 25, 24, 23),3)
(26,32,Set(26, 25, 32),2)
(26,41,Set(26, 27, 34, 41),3)
(26,44,Set(26, 25, 24, 23, 30, 37, 44),6)
(26,35,Set(26, 27, 28, 35),3)
(26,17,Set(26, 25, 18, 17),3)
(26,11,Set(26, 25, 18, 11),3)
(26,29,Set(26, 25, 24, 23, 30, 29),5)
(26,47,Set(26, 33, 40, 47),3)
(26,38,Set(26, 25, 24, 31, 38),4)
(26,20,Set(26, 19, 20),2)
(26,5,Set(26, 19, 12, 5),3)
(26,14,Set(26, 19, 20, 21, 14),4)
(26,46,Set(26, 25, 32, 39, 46),4)
(26,40,Set(26, 33, 40),2)
(26,4,Set(26, 25, 18, 11, 4),4)
(26,13,Set(26, 19, 20, 13),3)
(26,31,Set(26, 25, 24, 31),3)
(26,7,Set(26, 19, 20, 21, 14, 7),5)
(26,16,Set(26, 25, 18, 17, 16),4)
(26,43,Set(26, 25, 24, 23, 30, 29, 36, 43),7)
(26,34,Set(26, 27, 34),2)
(26,25,Set(26, 25),1)
(26,37,Set(26, 25, 24, 23, 30, 37),5)
(26,10,Set(26, 25, 18, 11, 10),4)
(26,28,Set(26, 27, 28),2)
(26,19,Set(26, 19),1)
(26,45,Set(26, 25, 24, 31, 38, 45),5)
(26,36,Set(26, 25, 24, 23, 30, 29, 36),6)
(26,9,Set(26, 25, 18, 11, 10, 9),5)
(26,18,Set(26, 25, 18),2)
(26,27,Set(26, 27),1)
(26,3,Set(26, 25, 18, 11, 4, 3),5)
(26,12,Set(26, 19, 12),2)
(26,21,Set(26, 19, 20, 21),3)
(26,39,Set(26, 25, 32, 39),3)
(26,30,Set(26, 25, 24, 23, 30),4)
(26,15,Set(26, 25, 18, 17, 16, 15),5)
(26,6,Set(26, 19, 20, 13, 6),4)
(26,24,Set(26, 25, 24),2)
(26,33,Set(26, 33),1)
(27,23,Set(27, 26, 25, 24, 23),4)
(27,32,Set(27, 26, 25, 32),3)
(27,41,Set(27, 34, 41),2)
(27,44,Set(27, 26, 25, 24, 23, 30, 37, 44),7)
(27,35,Set(27, 28, 35),2)
(27,17,Set(27, 26, 25, 18, 17),4)
(27,26,Set(27, 26),1)
(27,11,Set(27, 26, 25, 18, 11),4)
(27,29,Set(27, 26, 25, 24, 23, 30, 29),6)
(27,38,Set(27, 26, 25, 24, 31, 38),5)
(27,47,Set(27, 26, 33, 40, 47),4)
(27,20,Set(27, 20),1)
(27,5,Set(27, 26, 19, 12, 5),4)
(27,14,Set(27, 28, 21, 14),3)
(27,46,Set(27, 26, 25, 32, 39, 46),5)
(27,40,Set(27, 26, 33, 40),3)
(27,4,Set(27, 26, 25, 18, 11, 4),5)
(27,13,Set(27, 20, 13),2)
(27,31,Set(27, 26, 25, 24, 31),4)
(27,16,Set(27, 26, 25, 18, 17, 16),5)
(27,7,Set(27, 28, 21, 14, 7),4)
(27,43,Set(27, 26, 25, 24, 23, 30, 29, 36, 43),8)
(27,25,Set(27, 26, 25),2)
(27,34,Set(27, 34),1)
(27,37,Set(27, 26, 25, 24, 23, 30, 37),6)
(27,10,Set(27, 26, 25, 18, 11, 10),5)
(27,19,Set(27, 26, 19),2)
(27,28,Set(27, 28),1)
(27,45,Set(27, 26, 25, 24, 31, 38, 45),6)
(27,36,Set(27, 26, 25, 24, 23, 30, 29, 36),7)
(27,9,Set(27, 26, 25, 18, 11, 10, 9),6)
(27,18,Set(27, 26, 25, 18),3)
(27,3,Set(27, 26, 25, 18, 11, 4, 3),6)
(27,21,Set(27, 28, 21),2)
(27,12,Set(27, 26, 19, 12),3)
(27,30,Set(27, 26, 25, 24, 23, 30),5)
(27,39,Set(27, 26, 25, 32, 39),4)
(27,15,Set(27, 26, 25, 18, 17, 16, 15),6)
(27,33,Set(27, 26, 33),2)
(27,6,Set(27, 20, 13, 6),3)
(27,24,Set(27, 26, 25, 24),3)
(28,23,Set(28, 27, 26, 25, 24, 23),5)
(28,41,Set(28, 35, 34, 41),3)
(28,32,Set(28, 35, 34, 33, 32),4)
(28,44,Set(28, 35, 34, 41, 40, 47, 46, 45, 44),8)
(28,35,Set(28, 35),1)
(28,17,Set(28, 21, 20, 19, 18, 17),5)
(28,26,Set(28, 27, 26),2)
(28,11,Set(28, 21, 14, 13, 12, 11),5)
(28,29,Set(28, 35, 34, 33, 32, 31, 30, 29),7)
(28,38,Set(28, 35, 34, 41, 40, 39, 38),6)
(28,47,Set(28, 35, 34, 41, 40, 47),5)
(28,20,Set(28, 21, 20),2)
(28,5,Set(28, 21, 14, 7, 6, 5),5)
(28,14,Set(28, 21, 14),2)
(28,46,Set(28, 35, 34, 41, 40, 47, 46),6)
(28,40,Set(28, 35, 34, 41, 40),4)
(28,4,Set(28, 21, 14, 7, 6, 5, 4),6)
(28,13,Set(28, 21, 14, 13),3)
(28,31,Set(28, 35, 34, 33, 32, 31),5)
(28,16,Set(28, 21, 20, 19, 18, 17, 16),6)
(28,7,Set(28, 21, 14, 7),3)
(28,43,Set(28, 35, 34, 41, 40, 47, 46, 45, 44, 43),9)
(28,25,Set(28, 27, 26, 25),3)
(28,34,Set(28, 35, 34),2)
(28,37,Set(28, 35, 34, 41, 40, 39, 38, 37),7)
(28,10,Set(28, 21, 14, 13, 12, 11, 10),6)
(28,19,Set(28, 21, 20, 19),3)
(28,45,Set(28, 35, 34, 41, 40, 47, 46, 45),7)
(28,36,Set(28, 35, 34, 41, 40, 39, 38, 37, 36),8)
(28,9,Set(28, 21, 14, 13, 12, 11, 10, 9),7)
(28,27,Set(28, 27),1)
(28,18,Set(28, 21, 20, 19, 18),4)
(28,3,Set(28, 21, 14, 7, 6, 5, 4, 3),7)
(28,21,Set(28, 21),1)
(28,12,Set(28, 21, 14, 13, 12),4)
(28,30,Set(28, 35, 34, 33, 32, 31, 30),6)
(28,39,Set(28, 35, 34, 41, 40, 39),5)
(28,15,Set(28, 21, 20, 19, 18, 17, 16, 15),7)
(28,33,Set(28, 35, 34, 33),3)
(28,6,Set(28, 21, 14, 7, 6),4)
(28,24,Set(28, 27, 26, 25, 24),4)
(29,23,Set(29, 30, 23),2)
(29,41,Set(29, 36, 37, 38, 39, 40, 41),6)
(29,32,Set(29, 30, 31, 32),3)
(29,35,Set(29, 30, 31, 32, 33, 34, 35),6)
(29,44,Set(29, 36, 43, 44),3)
(29,17,Set(29, 30, 23, 24, 17),4)
(29,26,Set(29, 30, 23, 24, 25, 26),5)
(29,11,Set(29, 30, 23, 24, 25, 18, 11),6)
(29,38,Set(29, 36, 37, 38),3)
(29,47,Set(29, 36, 43, 44, 45, 46, 47),6)
(29,20,Set(29, 30, 23, 24, 25, 26, 19, 20),7)
(29,5,Set(29, 30, 23, 24, 25, 26, 19, 12, 5),8)
(29,14,Set(29, 30, 23, 24, 25, 26, 19, 20, 21, 14),9)
(29,46,Set(29, 36, 43, 44, 45, 46),5)
(29,40,Set(29, 36, 37, 38, 39, 40),5)
(29,13,Set(29, 30, 23, 24, 25, 26, 19, 20, 13),8)
(29,4,Set(29, 30, 23, 24, 25, 18, 11, 4),7)
(29,31,Set(29, 30, 31),2)
(29,7,Set(29, 30, 23, 24, 25, 26, 19, 20, 21, 14, 7),10)
(29,16,Set(29, 30, 23, 16),3)
(29,43,Set(29, 36, 43),2)
(29,25,Set(29, 30, 23, 24, 25),4)
(29,34,Set(29, 30, 31, 32, 33, 34),5)
(29,37,Set(29, 36, 37),2)
(29,10,Set(29, 30, 23, 24, 17, 10),5)
(29,28,Set(29, 30, 23, 24, 25, 26, 27, 28),7)
(29,19,Set(29, 30, 23, 24, 25, 26, 19),6)
(29,45,Set(29, 36, 43, 44, 45),4)
(29,27,Set(29, 30, 23, 24, 25, 26, 27),6)
(29,36,Set(29, 36),1)
(29,9,Set(29, 30, 23, 16, 9),4)
(29,18,Set(29, 30, 23, 24, 25, 18),5)
(29,21,Set(29, 30, 23, 24, 25, 26, 19, 20, 21),8)
(29,12,Set(29, 30, 23, 24, 25, 26, 19, 12),7)
(29,3,Set(29, 30, 23, 24, 17, 10, 3),6)
(29,39,Set(29, 36, 37, 38, 39),4)
(29,30,Set(29, 30),1)
(29,15,Set(29, 30, 23, 16, 15),4)
(29,6,Set(29, 30, 23, 24, 25, 26, 19, 20, 13, 6),9)
(29,24,Set(29, 30, 23, 24),3)
(29,33,Set(29, 30, 31, 32, 33),4)
(30,23,Set(30, 23),1)
(30,41,Set(30, 31, 32, 39, 40, 41),5)
(30,32,Set(30, 31, 32),2)
(30,35,Set(30, 31, 32, 33, 34, 35),5)
(30,44,Set(30, 37, 44),2)
(30,17,Set(30, 23, 24, 17),3)
(30,26,Set(30, 23, 24, 25, 26),4)
(30,11,Set(30, 23, 24, 25, 18, 11),5)
(30,38,Set(30, 31, 38),2)
(30,29,Set(30, 29),1)
(30,47,Set(30, 31, 32, 39, 40, 47),5)
(30,20,Set(30, 23, 24, 25, 26, 19, 20),6)
(30,5,Set(30, 23, 24, 25, 26, 19, 12, 5),7)
(30,14,Set(30, 23, 24, 25, 26, 19, 20, 21, 14),8)
(30,46,Set(30, 31, 32, 39, 46),4)
(30,40,Set(30, 31, 32, 39, 40),4)
(30,13,Set(30, 23, 24, 25, 26, 19, 20, 13),7)
(30,4,Set(30, 23, 24, 25, 18, 11, 4),6)
(30,31,Set(30, 31),1)
(30,7,Set(30, 23, 24, 25, 26, 19, 20, 21, 14, 7),9)
(30,16,Set(30, 23, 16),2)
(30,43,Set(30, 29, 36, 43),3)
(30,25,Set(30, 23, 24, 25),3)
(30,34,Set(30, 31, 32, 33, 34),4)
(30,37,Set(30, 37),1)
(30,10,Set(30, 23, 24, 17, 10),4)
(30,28,Set(30, 23, 24, 25, 26, 27, 28),6)
(30,19,Set(30, 23, 24, 25, 26, 19),5)
(30,45,Set(30, 31, 38, 45),3)
(30,27,Set(30, 23, 24, 25, 26, 27),5)
(30,36,Set(30, 29, 36),2)
(30,9,Set(30, 23, 16, 9),3)
(30,18,Set(30, 23, 24, 25, 18),4)
(30,21,Set(30, 23, 24, 25, 26, 19, 20, 21),7)
(30,12,Set(30, 23, 24, 25, 26, 19, 12),6)
(30,3,Set(30, 23, 24, 17, 10, 3),5)
(30,39,Set(30, 31, 32, 39),3)
(30,15,Set(30, 23, 16, 15),3)
(30,6,Set(30, 23, 24, 25, 26, 19, 20, 13, 6),8)
(30,24,Set(30, 23, 24),2)
(30,33,Set(30, 31, 32, 33),3)
(31,23,Set(31, 24, 23),2)
(31,41,Set(31, 32, 39, 40, 41),4)
(31,32,Set(31, 32),1)
(31,35,Set(31, 32, 33, 34, 35),4)
(31,17,Set(31, 24, 17),2)
(31,44,Set(31, 38, 37, 44),3)
(31,26,Set(31, 24, 25, 26),3)
(31,11,Set(31, 24, 25, 18, 11),4)
(31,29,Set(31, 30, 29),2)
(31,38,Set(31, 38),1)
(31,47,Set(31, 32, 39, 40, 47),4)
(31,20,Set(31, 24, 25, 26, 19, 20),5)
(31,5,Set(31, 24, 25, 26, 19, 12, 5),6)
(31,14,Set(31, 24, 25, 26, 19, 20, 21, 14),7)
(31,46,Set(31, 32, 39, 46),3)
(31,40,Set(31, 32, 39, 40),3)
(31,13,Set(31, 24, 25, 26, 19, 20, 13),6)
(31,4,Set(31, 24, 25, 18, 11, 4),5)
(31,7,Set(31, 24, 25, 26, 19, 20, 21, 14, 7),8)
(31,16,Set(31, 24, 23, 16),3)
(31,43,Set(31, 38, 37, 44, 43),4)
(31,25,Set(31, 24, 25),2)
(31,34,Set(31, 32, 33, 34),3)
(31,37,Set(31, 38, 37),2)
(31,10,Set(31, 24, 17, 10),3)
(31,28,Set(31, 24, 25, 26, 27, 28),5)
(31,19,Set(31, 24, 25, 26, 19),4)
(31,45,Set(31, 38, 45),2)
(31,27,Set(31, 24, 25, 26, 27),4)
(31,36,Set(31, 38, 37, 36),3)
(31,18,Set(31, 24, 25, 18),3)
(31,9,Set(31, 24, 23, 16, 9),4)
(31,21,Set(31, 24, 25, 26, 19, 20, 21),6)
(31,12,Set(31, 24, 25, 26, 19, 12),5)
(31,3,Set(31, 24, 17, 10, 3),4)
(31,39,Set(31, 32, 39),2)
(31,30,Set(31, 30),1)
(31,15,Set(31, 24, 23, 16, 15),4)
(31,6,Set(31, 24, 25, 26, 19, 20, 13, 6),7)
(31,33,Set(31, 32, 33),2)
(31,24,Set(31, 24),1)
(32,23,Set(32, 25, 24, 23),3)
(32,41,Set(32, 39, 40, 41),3)
(32,44,Set(32, 39, 38, 37, 44),4)
(32,35,Set(32, 33, 34, 35),3)
(32,17,Set(32, 25, 18, 17),3)
(32,26,Set(32, 25, 26),2)
(32,11,Set(32, 25, 18, 11),3)
(32,38,Set(32, 39, 38),2)
(32,47,Set(32, 39, 40, 47),3)
(32,29,Set(32, 31, 30, 29),3)
(32,20,Set(32, 25, 26, 19, 20),4)
(32,5,Set(32, 25, 26, 19, 12, 5),5)
(32,14,Set(32, 25, 26, 19, 20, 21, 14),6)
(32,46,Set(32, 39, 46),2)
(32,40,Set(32, 39, 40),2)
(32,13,Set(32, 25, 26, 19, 20, 13),5)
(32,4,Set(32, 25, 18, 11, 4),4)
(32,31,Set(32, 31),1)
(32,7,Set(32, 25, 26, 19, 20, 21, 14, 7),7)
(32,16,Set(32, 25, 18, 17, 16),4)
(32,43,Set(32, 39, 38, 37, 44, 43),5)
(32,34,Set(32, 33, 34),2)
(32,25,Set(32, 25),1)
(32,10,Set(32, 25, 18, 11, 10),4)
(32,37,Set(32, 39, 38, 37),3)
(32,19,Set(32, 25, 26, 19),3)
(32,28,Set(32, 25, 26, 27, 28),4)
(32,45,Set(32, 39, 38, 45),3)
(32,9,Set(32, 25, 18, 11, 10, 9),5)
(32,36,Set(32, 39, 38, 37, 36),4)
(32,27,Set(32, 25, 26, 27),3)
(32,18,Set(32, 25, 18),2)
(32,3,Set(32, 25, 18, 11, 4, 3),5)
(32,21,Set(32, 25, 26, 19, 20, 21),5)
(32,12,Set(32, 25, 26, 19, 12),4)
(32,30,Set(32, 31, 30),2)
(32,39,Set(32, 39),1)
(32,15,Set(32, 25, 18, 17, 16, 15),5)
(32,6,Set(32, 25, 26, 19, 20, 13, 6),6)
(32,24,Set(32, 25, 24),2)
(32,33,Set(32, 33),1)
(33,23,Set(33, 26, 25, 24, 23),4)
(33,41,Set(33, 40, 41),2)
(33,32,Set(33, 32),1)
(33,44,Set(33, 40, 47, 46, 45, 44),5)
(33,17,Set(33, 26, 25, 18, 17),4)
(33,35,Set(33, 34, 35),2)
(33,26,Set(33, 26),1)
(33,11,Set(33, 26, 25, 18, 11),4)
(33,47,Set(33, 40, 47),2)
(33,38,Set(33, 40, 39, 38),3)
(33,29,Set(33, 32, 31, 30, 29),4)
(33,20,Set(33, 26, 19, 20),3)
(33,5,Set(33, 26, 19, 12, 5),4)
(33,14,Set(33, 26, 19, 20, 21, 14),5)
(33,46,Set(33, 40, 47, 46),3)
(33,40,Set(33, 40),1)
(33,4,Set(33, 26, 25, 18, 11, 4),5)
(33,13,Set(33, 26, 19, 20, 13),4)
(33,31,Set(33, 32, 31),2)
(33,7,Set(33, 26, 19, 20, 21, 14, 7),6)
(33,16,Set(33, 26, 25, 18, 17, 16),5)
(33,43,Set(33, 40, 47, 46, 45, 44, 43),6)
(33,25,Set(33, 26, 25),2)
(33,34,Set(33, 34),1)
(33,10,Set(33, 26, 25, 18, 11, 10),5)
(33,37,Set(33, 40, 39, 38, 37),4)
(33,19,Set(33, 26, 19),2)
(33,28,Set(33, 26, 27, 28),3)
(33,45,Set(33, 40, 47, 46, 45),4)
(33,9,Set(33, 26, 25, 18, 11, 10, 9),6)
(33,36,Set(33, 40, 39, 38, 37, 36),5)
(33,27,Set(33, 26, 27),2)
(33,18,Set(33, 26, 25, 18),3)
(33,3,Set(33, 26, 25, 18, 11, 4, 3),6)
(33,12,Set(33, 26, 19, 12),3)
(33,21,Set(33, 26, 19, 20, 21),4)
(33,39,Set(33, 40, 39),2)
(33,30,Set(33, 32, 31, 30),3)
(33,15,Set(33, 26, 25, 18, 17, 16, 15),6)
(33,6,Set(33, 26, 19, 20, 13, 6),5)
(33,24,Set(33, 26, 25, 24),3)
(34,23,Set(34, 27, 26, 25, 24, 23),5)
(34,32,Set(34, 33, 32),2)
(34,41,Set(34, 41),1)
(34,44,Set(34, 41, 40, 47, 46, 45, 44),6)
(34,17,Set(34, 27, 26, 25, 18, 17),5)
(34,35,Set(34, 35),1)
(34,26,Set(34, 27, 26),2)
(34,11,Set(34, 27, 26, 25, 18, 11),5)
(34,29,Set(34, 33, 32, 31, 30, 29),5)
(34,47,Set(34, 41, 40, 47),3)
(34,38,Set(34, 41, 40, 39, 38),4)
(34,20,Set(34, 27, 20),2)
(34,5,Set(34, 27, 26, 19, 12, 5),5)
(34,14,Set(34, 35, 28, 21, 14),4)
(34,46,Set(34, 41, 40, 47, 46),4)
(34,40,Set(34, 41, 40),2)
(34,4,Set(34, 27, 26, 25, 18, 11, 4),6)
(34,13,Set(34, 27, 20, 13),3)
(34,31,Set(34, 33, 32, 31),3)
(34,16,Set(34, 27, 26, 25, 18, 17, 16),6)
(34,7,Set(34, 35, 28, 21, 14, 7),5)
(34,43,Set(34, 41, 40, 47, 46, 45, 44, 43),7)
(34,25,Set(34, 27, 26, 25),3)
(34,10,Set(34, 27, 26, 25, 18, 11, 10),6)
(34,37,Set(34, 41, 40, 39, 38, 37),5)
(34,28,Set(34, 35, 28),2)
(34,19,Set(34, 27, 26, 19),3)
(34,45,Set(34, 41, 40, 47, 46, 45),5)
(34,9,Set(34, 27, 26, 25, 18, 11, 10, 9),7)
(34,36,Set(34, 41, 40, 39, 38, 37, 36),6)
(34,27,Set(34, 27),1)
(34,18,Set(34, 27, 26, 25, 18),4)
(34,3,Set(34, 27, 26, 25, 18, 11, 4, 3),7)
(34,21,Set(34, 35, 28, 21),3)
(34,12,Set(34, 27, 26, 19, 12),4)
(34,39,Set(34, 41, 40, 39),3)
(34,30,Set(34, 33, 32, 31, 30),4)
(34,15,Set(34, 27, 26, 25, 18, 17, 16, 15),7)
(34,33,Set(34, 33),1)
(34,24,Set(34, 27, 26, 25, 24),4)
(34,6,Set(34, 27, 20, 13, 6),4)
(35,23,Set(35, 28, 27, 26, 25, 24, 23),6)
(35,32,Set(35, 34, 33, 32),3)
(35,41,Set(35, 34, 41),2)
(35,44,Set(35, 34, 41, 40, 47, 46, 45, 44),7)
(35,17,Set(35, 28, 21, 20, 19, 18, 17),6)
(35,26,Set(35, 28, 27, 26),3)
(35,11,Set(35, 28, 21, 14, 13, 12, 11),6)
(35,29,Set(35, 34, 33, 32, 31, 30, 29),6)
(35,47,Set(35, 34, 41, 40, 47),4)
(35,38,Set(35, 34, 41, 40, 39, 38),5)
(35,20,Set(35, 28, 21, 20),3)
(35,5,Set(35, 28, 21, 14, 7, 6, 5),6)
(35,14,Set(35, 28, 21, 14),3)
(35,46,Set(35, 34, 41, 40, 47, 46),5)
(35,40,Set(35, 34, 41, 40),3)
(35,4,Set(35, 28, 21, 14, 7, 6, 5, 4),7)
(35,13,Set(35, 28, 21, 14, 13),4)
(35,31,Set(35, 34, 33, 32, 31),4)
(35,16,Set(35, 28, 21, 20, 19, 18, 17, 16),7)
(35,7,Set(35, 28, 21, 14, 7),4)
(35,43,Set(35, 34, 41, 40, 47, 46, 45, 44, 43),8)
(35,34,Set(35, 34),1)
(35,25,Set(35, 28, 27, 26, 25),4)
(35,10,Set(35, 28, 21, 14, 13, 12, 11, 10),7)
(35,37,Set(35, 34, 41, 40, 39, 38, 37),6)
(35,28,Set(35, 28),1)
(35,19,Set(35, 28, 21, 20, 19),4)
(35,45,Set(35, 34, 41, 40, 47, 46, 45),6)
(35,9,Set(35, 28, 21, 14, 13, 12, 11, 10, 9),8)
(35,36,Set(35, 34, 41, 40, 39, 38, 37, 36),7)
(35,27,Set(35, 28, 27),2)
(35,18,Set(35, 28, 21, 20, 19, 18),5)
(35,3,Set(35, 28, 21, 14, 7, 6, 5, 4, 3),8)
(35,21,Set(35, 28, 21),2)
(35,12,Set(35, 28, 21, 14, 13, 12),5)
(35,39,Set(35, 34, 41, 40, 39),4)
(35,30,Set(35, 34, 33, 32, 31, 30),5)
(35,15,Set(35, 28, 21, 20, 19, 18, 17, 16, 15),8)
(35,33,Set(35, 34, 33),2)
(35,24,Set(35, 28, 27, 26, 25, 24),5)
(35,6,Set(35, 28, 21, 14, 7, 6),5)
(36,23,Set(36, 29, 30, 23),3)
(36,32,Set(36, 29, 30, 31, 32),4)
(36,41,Set(36, 37, 38, 39, 40, 41),5)
(36,35,Set(36, 29, 30, 31, 32, 33, 34, 35),7)
(36,44,Set(36, 43, 44),2)
(36,17,Set(36, 29, 30, 23, 24, 17),5)
(36,26,Set(36, 29, 30, 23, 24, 25, 26),6)
(36,11,Set(36, 29, 30, 23, 24, 25, 18, 11),7)
(36,38,Set(36, 37, 38),2)
(36,29,Set(36, 29),1)
(36,47,Set(36, 43, 44, 45, 46, 47),5)
(36,20,Set(36, 29, 30, 23, 24, 25, 26, 19, 20),8)
(36,5,Set(36, 29, 30, 23, 24, 25, 26, 19, 12, 5),9)
(36,14,Set(36, 29, 30, 23, 24, 25, 26, 19, 20, 21, 14),10)
(36,46,Set(36, 43, 44, 45, 46),4)
(36,40,Set(36, 37, 38, 39, 40),4)
(36,13,Set(36, 29, 30, 23, 24, 25, 26, 19, 20, 13),9)
(36,4,Set(36, 29, 30, 23, 24, 25, 18, 11, 4),8)
(36,31,Set(36, 29, 30, 31),3)
(36,7,Set(36, 29, 30, 23, 24, 25, 26, 19, 20, 21, 14, 7),11)
(36,16,Set(36, 29, 30, 23, 16),4)
(36,43,Set(36, 43),1)
(36,25,Set(36, 29, 30, 23, 24, 25),5)
(36,34,Set(36, 29, 30, 31, 32, 33, 34),6)
(36,10,Set(36, 29, 30, 23, 24, 17, 10),6)
(36,37,Set(36, 37),1)
(36,28,Set(36, 29, 30, 23, 24, 25, 26, 27, 28),8)
(36,19,Set(36, 29, 30, 23, 24, 25, 26, 19),7)
(36,45,Set(36, 43, 44, 45),3)
(36,27,Set(36, 29, 30, 23, 24, 25, 26, 27),7)
(36,9,Set(36, 29, 30, 23, 16, 9),5)
(36,18,Set(36, 29, 30, 23, 24, 25, 18),6)
(36,21,Set(36, 29, 30, 23, 24, 25, 26, 19, 20, 21),9)
(36,12,Set(36, 29, 30, 23, 24, 25, 26, 19, 12),8)
(36,3,Set(36, 29, 30, 23, 24, 17, 10, 3),7)
(36,39,Set(36, 37, 38, 39),3)
(36,30,Set(36, 29, 30),2)
(36,15,Set(36, 29, 30, 23, 16, 15),5)
(36,6,Set(36, 29, 30, 23, 24, 25, 26, 19, 20, 13, 6),10)
(36,24,Set(36, 29, 30, 23, 24),4)
(36,33,Set(36, 29, 30, 31, 32, 33),5)
