(37,23,Set(37, 30, 23),2)
(37,32,Set(37, 38, 39, 32),3)
(37,41,Set(37, 38, 39, 40, 41),4)
(37,35,Set(37, 38, 39, 40, 41, 34, 35),6)
(37,44,Set(37, 44),1)
(37,17,Set(37, 38, 31, 24, 17),4)
(37,26,Set(37, 38, 39, 40, 33, 26),5)
(37,11,Set(37, 38, 39, 32, 25, 18, 11),6)
(37,29,Set(37, 36, 29),2)
(37,38,Set(37, 38),1)
(37,47,Set(37, 44, 45, 46, 47),4)
(37,20,Set(37, 38, 39, 40, 41, 34, 27, 20),7)
(37,5,Set(37, 38, 39, 40, 33, 26, 19, 12, 5),8)
(37,14,Set(37, 38, 39, 40, 41, 34, 35, 28, 21, 14),9)
(37,46,Set(37, 44, 45, 46),3)
(37,40,Set(37, 38, 39, 40),3)
(37,13,Set(37, 38, 39, 40, 41, 34, 27, 20, 13),8)
(37,4,Set(37, 38, 39, 32, 25, 18, 11, 4),7)
(37,31,Set(37, 38, 31),2)
(37,7,Set(37, 38, 39, 40, 41, 34, 35, 28, 21, 14, 7),10)
(37,16,Set(37, 30, 23, 16),3)
(37,43,Set(37, 44, 43),2)
(37,25,Set(37, 38, 39, 32, 25),4)
(37,34,Set(37, 38, 39, 40, 41, 34),5)
(37,10,Set(37, 38, 31, 24, 17, 10),5)
(37,28,Set(37, 38, 39, 40, 41, 34, 35, 28),7)
(37,19,Set(37, 38, 39, 40, 33, 26, 19),6)
(37,45,Set(37, 44, 45),2)
(37,27,Set(37, 38, 39, 40, 41, 34, 27),6)
(37,36,Set(37, 36),1)
(37,9,Set(37, 30, 23, 16, 9),4)
(37,18,Set(37, 38, 39, 32, 25, 18),5)
(37,21,Set(37, 38, 39, 40, 41, 34, 35, 28, 21),8)
(37,12,Set(37, 38, 39, 40, 33, 26, 19, 12),7)
(37,3,Set(37, 38, 31, 24, 17, 10, 3),6)
(37,39,Set(37, 38, 39),2)
(37,30,Set(37, 30),1)
(37,15,Set(37, 30, 23, 16, 15),4)
(37,6,Set(37, 38, 39, 40, 41, 34, 27, 20, 13, 6),9)
(37,24,Set(37, 38, 31, 24),3)
(37,33,Set(37, 38, 39, 40, 33),4)
(38,23,Set(38, 31, 24, 23),3)
(38,32,Set(38, 39, 32),2)
(38,41,Set(38, 39, 40, 41),3)
(38,35,Set(38, 39, 40, 41, 34, 35),5)
(38,44,Set(38, 37, 44),2)
(38,17,Set(38, 31, 24, 17),3)
(38,26,Set(38, 39, 40, 33, 26),4)
(38,11,Set(38, 39, 32, 25, 18, 11),5)
(38,47,Set(38, 39, 40, 47),3)
(38,29,Set(38, 31, 30, 29),3)
(38,20,Set(38, 39, 40, 41, 34, 27, 20),6)
(38,5,Set(38, 39, 40, 33, 26, 19, 12, 5),7)
(38,14,Set(38, 39, 40, 41, 34, 35, 28, 21, 14),8)
(38,46,Set(38, 39, 46),2)
(38,40,Set(38, 39, 40),2)
(38,13,Set(38, 39, 40, 41, 34, 27, 20, 13),7)
(38,4,Set(38, 39, 32, 25, 18, 11, 4),6)
(38,31,Set(38, 31),1)
(38,7,Set(38, 39, 40, 41, 34, 35, 28, 21, 14, 7),9)
(38,16,Set(38, 31, 24, 23, 16),4)
(38,43,Set(38, 37, 44, 43),3)
(38,25,Set(38, 39, 32, 25),3)
(38,34,Set(38, 39, 40, 41, 34),4)
(38,37,Set(38, 37),1)
(38,10,Set(38, 31, 24, 17, 10),4)
(38,28,Set(38, 39, 40, 41, 34, 35, 28),6)
(38,19,Set(38, 39, 40, 33, 26, 19),5)
(38,45,Set(38, 45),1)
(38,27,Set(38, 39, 40, 41, 34, 27),5)
(38,9,Set(38, 31, 24, 23, 16, 9),5)
(38,36,Set(38, 37, 36),2)
(38,18,Set(38, 39, 32, 25, 18),4)
(38,21,Set(38, 39, 40, 41, 34, 35, 28, 21),7)
(38,12,Set(38, 39, 40, 33, 26, 19, 12),6)
(38,3,Set(38, 31, 24, 17, 10, 3),5)
(38,30,Set(38, 31, 30),2)
(38,39,Set(38, 39),1)
(38,15,Set(38, 31, 24, 23, 16, 15),5)
(38,6,Set(38, 39, 40, 41, 34, 27, 20, 13, 6),8)
(38,24,Set(38, 31, 24),2)
(38,33,Set(38, 39, 40, 33),3)
(39,23,Set(39, 32, 25, 24, 23),4)
(39,41,Set(39, 40, 41),2)
(39,32,Set(39, 32),1)
(39,44,Set(39, 38, 37, 44),3)
(39,17,Set(39, 32, 25, 18, 17),4)
(39,35,Set(39, 40, 41, 34, 35),4)
(39,26,Set(39, 40, 33, 26),3)
(39,11,Set(39, 32, 25, 18, 11),4)
(39,47,Set(39, 40, 47),2)
(39,38,Set(39, 38),1)
(39,29,Set(39, 32, 31, 30, 29),4)
(39,20,Set(39, 40, 41, 34, 27, 20),5)
(39,5,Set(39, 40, 33, 26, 19, 12, 5),6)
(39,14,Set(39, 40, 41, 34, 35, 28, 21, 14),7)
(39,46,Set(39, 46),1)
(39,40,Set(39, 40),1)
(39,13,Set(39, 40, 41, 34, 27, 20, 13),6)
(39,4,Set(39, 32, 25, 18, 11, 4),5)
(39,31,Set(39, 32, 31),2)
(39,7,Set(39, 40, 41, 34, 35, 28, 21, 14, 7),8)
(39,16,Set(39, 32, 25, 18, 17, 16),5)
(39,43,Set(39, 38, 37, 44, 43),4)
(39,25,Set(39, 32, 25),2)
(39,34,Set(39, 40, 41, 34),3)
(39,10,Set(39, 32, 25, 18, 11, 10),5)
(39,37,Set(39, 38, 37),2)
(39,28,Set(39, 40, 41, 34, 35, 28),5)
(39,19,Set(39, 40, 33, 26, 19),4)
(39,45,Set(39, 38, 45),2)
(39,9,Set(39, 32, 25, 18, 11, 10, 9),6)
(39,36,Set(39, 38, 37, 36),3)
(39,18,Set(39, 32, 25, 18),3)
(39,27,Set(39, 40, 41, 34, 27),4)
(39,21,Set(39, 40, 41, 34, 35, 28, 21),6)
(39,3,Set(39, 32, 25, 18, 11, 4, 3),6)
(39,12,Set(39, 40, 33, 26, 19, 12),5)
(39,30,Set(39, 32, 31, 30),3)
(39,15,Set(39, 32, 25, 18, 17, 16, 15),6)
(39,6,Set(39, 40, 41, 34, 27, 20, 13, 6),7)
(39,33,Set(39, 40, 33),2)
(39,24,Set(39, 32, 25, 24),3)
(40,23,Set(40, 39, 32, 25, 24, 23),5)
(40,32,Set(40, 39, 32),2)
(40,41,Set(40, 41),1)
(40,17,Set(40, 39, 32, 25, 18, 17),5)
(40,35,Set(40, 41, 34, 35),3)
(40,44,Set(40, 47, 46, 45, 44),4)
(40,26,Set(40, 33, 26),2)
(40,11,Set(40, 39, 32, 25, 18, 11),5)
(40,29,Set(40, 39, 32, 31, 30, 29),5)
(40,38,Set(40, 39, 38),2)
(40,47,Set(40, 47),1)
(40,20,Set(40, 41, 34, 27, 20),4)
(40,5,Set(40, 33, 26, 19, 12, 5),5)
(40,14,Set(40, 41, 34, 35, 28, 21, 14),6)
(40,46,Set(40, 47, 46),2)
(40,4,Set(40, 39, 32, 25, 18, 11, 4),6)
(40,13,Set(40, 41, 34, 27, 20, 13),5)
(40,31,Set(40, 39, 32, 31),3)
(40,7,Set(40, 41, 34, 35, 28, 21, 14, 7),7)
(40,16,Set(40, 39, 32, 25, 18, 17, 16),6)
(40,43,Set(40, 47, 46, 45, 44, 43),5)
(40,25,Set(40, 39, 32, 25),3)
(40,34,Set(40, 41, 34),2)
(40,10,Set(40, 39, 32, 25, 18, 11, 10),6)
(40,37,Set(40, 39, 38, 37),3)
(40,19,Set(40, 33, 26, 19),3)
(40,28,Set(40, 41, 34, 35, 28),4)
(40,45,Set(40, 47, 46, 45),3)
(40,9,Set(40, 39, 32, 25, 18, 11, 10, 9),7)
(40,27,Set(40, 41, 34, 27),3)
(40,18,Set(40, 39, 32, 25, 18),4)
(40,36,Set(40, 39, 38, 37, 36),4)
(40,3,Set(40, 39, 32, 25, 18, 11, 4, 3),7)
(40,21,Set(40, 41, 34, 35, 28, 21),5)
(40,12,Set(40, 33, 26, 19, 12),4)
(40,39,Set(40, 39),1)
(40,30,Set(40, 39, 32, 31, 30),4)
(40,15,Set(40, 39, 32, 25, 18, 17, 16, 15),7)
(40,6,Set(40, 41, 34, 27, 20, 13, 6),6)
(40,33,Set(40, 33),1)
(40,24,Set(40, 39, 32, 25, 24),4)
(41,23,Set(41, 40, 39, 32, 25, 24, 23),6)
(41,32,Set(41, 40, 39, 32),3)
(41,17,Set(41, 40, 39, 32, 25, 18, 17),6)
(41,44,Set(41, 40, 47, 46, 45, 44),5)
(41,35,Set(41, 34, 35),2)
(41,26,Set(41, 40, 33, 26),3)
(41,11,Set(41, 40, 39, 32, 25, 18, 11),6)
(41,29,Set(41, 40, 39, 32, 31, 30, 29),6)
(41,38,Set(41, 40, 39, 38),3)
(41,47,Set(41, 40, 47),2)
(41,20,Set(41, 34, 27, 20),3)
(41,5,Set(41, 40, 33, 26, 19, 12, 5),6)
(41,14,Set(41, 34, 35, 28, 21, 14),5)
(41,46,Set(41, 40, 47, 46),3)
(41,40,Set(41, 40),1)
(41,4,Set(41, 40, 39, 32, 25, 18, 11, 4),7)
(41,13,Set(41, 34, 27, 20, 13),4)
(41,31,Set(41, 40, 39, 32, 31),4)
(41,16,Set(41, 40, 39, 32, 25, 18, 17, 16),7)
(41,7,Set(41, 34, 35, 28, 21, 14, 7),6)
(41,43,Set(41, 40, 47, 46, 45, 44, 43),6)
(41,34,Set(41, 34),1)
(41,25,Set(41, 40, 39, 32, 25),4)
(41,10,Set(41, 40, 39, 32, 25, 18, 11, 10),7)
(41,37,Set(41, 40, 39, 38, 37),4)
(41,28,Set(41, 34, 35, 28),3)
(41,19,Set(41, 40, 33, 26, 19),4)
(41,45,Set(41, 40, 47, 46, 45),4)
(41,9,Set(41, 40, 39, 32, 25, 18, 11, 10, 9),8)
(41,36,Set(41, 40, 39, 38, 37, 36),5)
(41,27,Set(41, 34, 27),2)
(41,18,Set(41, 40, 39, 32, 25, 18),5)
(41,3,Set(41, 40, 39, 32, 25, 18, 11, 4, 3),8)
(41,21,Set(41, 34, 35, 28, 21),4)
(41,12,Set(41, 40, 33, 26, 19, 12),5)
(41,39,Set(41, 40, 39),2)
(41,30,Set(41, 40, 39, 32, 31, 30),5)
(41,15,Set(41, 40, 39, 32, 25, 18, 17, 16, 15),8)
(41,33,Set(41, 40, 33),2)
(41,24,Set(41, 40, 39, 32, 25, 24),5)
(41,6,Set(41, 34, 27, 20, 13, 6),5)
(43,23,Set(43, 44, 37, 30, 23),4)
(43,32,Set(43, 44, 37, 38, 39, 32),5)
(43,41,Set(43, 44, 37, 38, 39, 40, 41),6)
(43,35,Set(43, 44, 37, 38, 39, 40, 41, 34, 35),8)
(43,44,Set(43, 44),1)
(43,17,Set(43, 44, 37, 38, 31, 24, 17),6)
(43,26,Set(43, 44, 37, 38, 39, 40, 33, 26),7)
(43,11,Set(43, 44, 37, 38, 39, 32, 25, 18, 11),8)
(43,47,Set(43, 44, 45, 46, 47),4)
(43,38,Set(43, 44, 37, 38),3)
(43,29,Set(43, 36, 29),2)
(43,20,Set(43, 44, 37, 38, 39, 40, 41, 34, 27, 20),9)
(43,5,Set(43, 44, 37, 38, 39, 40, 33, 26, 19, 12, 5),10)
(43,14,Set(43, 44, 37, 38, 39, 40, 41, 34, 35, 28, 21, 14),11)
(43,46,Set(43, 44, 45, 46),3)
(43,40,Set(43, 44, 37, 38, 39, 40),5)
(43,13,Set(43, 44, 37, 38, 39, 40, 41, 34, 27, 20, 13),10)
(43,4,Set(43, 44, 37, 38, 39, 32, 25, 18, 11, 4),9)
(43,31,Set(43, 44, 37, 38, 31),4)
(43,7,Set(43, 44, 37, 38, 39, 40, 41, 34, 35, 28, 21, 14, 7),12)
(43,16,Set(43, 44, 37, 30, 23, 16),5)
(43,25,Set(43, 44, 37, 38, 39, 32, 25),6)
(43,34,Set(43, 44, 37, 38, 39, 40, 41, 34),7)
(43,10,Set(43, 44, 37, 38, 31, 24, 17, 10),7)
(43,37,Set(43, 44, 37),2)
(43,28,Set(43, 44, 37, 38, 39, 40, 41, 34, 35, 28),9)
(43,19,Set(43, 44, 37, 38, 39, 40, 33, 26, 19),8)
(43,45,Set(43, 44, 45),2)
(43,27,Set(43, 44, 37, 38, 39, 40, 41, 34, 27),8)
(43,36,Set(43, 36),1)
(43,9,Set(43, 44, 37, 30, 23, 16, 9),6)
(43,18,Set(43, 44, 37, 38, 39, 32, 25, 18),7)
(43,21,Set(43, 44, 37, 38, 39, 40, 41, 34, 35, 28, 21),10)
(43,12,Set(43, 44, 37, 38, 39, 40, 33, 26, 19, 12),9)
(43,3,Set(43, 44, 37, 38, 31, 24, 17, 10, 3),8)
(43,39,Set(43, 44, 37, 38, 39),4)
(43,30,Set(43, 44, 37, 30),3)
(43,15,Set(43, 44, 37, 30, 23, 16, 15),6)
(43,6,Set(43, 44, 37, 38, 39, 40, 41, 34, 27, 20, 13, 6),11)
(43,24,Set(43, 44, 37, 38, 31, 24),5)
(43,33,Set(43, 44, 37, 38, 39, 40, 33),6)
(44,23,Set(44, 37, 30, 23),3)
(44,32,Set(44, 37, 38, 39, 32),4)
(44,41,Set(44, 37, 38, 39, 40, 41),5)
(44,35,Set(44, 37, 38, 39, 40, 41, 34, 35),7)
(44,17,Set(44, 37, 38, 31, 24, 17),5)
(44,26,Set(44, 37, 38, 39, 40, 33, 26),6)
(44,11,Set(44, 37, 38, 39, 32, 25, 18, 11),7)
(44,29,Set(44, 43, 36, 29),3)
(44,47,Set(44, 45, 46, 47),3)
(44,38,Set(44, 37, 38),2)
(44,20,Set(44, 37, 38, 39, 40, 41, 34, 27, 20),8)
(44,5,Set(44, 37, 38, 39, 40, 33, 26, 19, 12, 5),9)
(44,14,Set(44, 37, 38, 39, 40, 41, 34, 35, 28, 21, 14),10)
(44,46,Set(44, 45, 46),2)
(44,40,Set(44, 37, 38, 39, 40),4)
(44,13,Set(44, 37, 38, 39, 40, 41, 34, 27, 20, 13),9)
(44,4,Set(44, 37, 38, 39, 32, 25, 18, 11, 4),8)
(44,31,Set(44, 37, 38, 31),3)
(44,7,Set(44, 37, 38, 39, 40, 41, 34, 35, 28, 21, 14, 7),11)
(44,16,Set(44, 37, 30, 23, 16),4)
(44,43,Set(44, 43),1)
(44,25,Set(44, 37, 38, 39, 32, 25),5)
(44,34,Set(44, 37, 38, 39, 40, 41, 34),6)
(44,10,Set(44, 37, 38, 31, 24, 17, 10),6)
(44,37,Set(44, 37),1)
(44,28,Set(44, 37, 38, 39, 40, 41, 34, 35, 28),8)
(44,19,Set(44, 37, 38, 39, 40, 33, 26, 19),7)
(44,45,Set(44, 45),1)
(44,27,Set(44, 37, 38, 39, 40, 41, 34, 27),7)
(44,36,Set(44, 43, 36),2)
(44,9,Set(44, 37, 30, 23, 16, 9),5)
(44,18,Set(44, 37, 38, 39, 32, 25, 18),6)
(44,21,Set(44, 37, 38, 39, 40, 41, 34, 35, 28, 21),9)
(44,12,Set(44, 37, 38, 39, 40, 33, 26, 19, 12),8)
(44,3,Set(44, 37, 38, 31, 24, 17, 10, 3),7)
(44,39,Set(44, 37, 38, 39),3)
(44,30,Set(44, 37, 30),2)
(44,15,Set(44, 37, 30, 23, 16, 15),5)
(44,6,Set(44, 37, 38, 39, 40, 41, 34, 27, 20, 13, 6),10)
(44,24,Set(44, 37, 38, 31, 24),4)
(44,33,Set(44, 37, 38, 39, 40, 33),5)
(45,23,Set(45, 44, 37, 30, 23),4)
(45,32,Set(45, 38, 39, 32),3)
(45,41,Set(45, 38, 39, 40, 41),4)
(45,35,Set(45, 38, 39, 40, 41, 34, 35),6)
(45,44,Set(45, 44),1)
(45,17,Set(45, 38, 31, 24, 17),4)
(45,26,Set(45, 38, 39, 40, 33, 26),5)
(45,11,Set(45, 38, 39, 32, 25, 18, 11),6)
(45,47,Set(45, 46, 47),2)
(45,38,Set(45, 38),1)
(45,29,Set(45, 44, 43, 36, 29),4)
(45,20,Set(45, 38, 39, 40, 41, 34, 27, 20),7)
(45,5,Set(45, 38, 39, 40, 33, 26, 19, 12, 5),8)
(45,14,Set(45, 38, 39, 40, 41, 34, 35, 28, 21, 14),9)
(45,46,Set(45, 46),1)
(45,40,Set(45, 38, 39, 40),3)
(45,13,Set(45, 38, 39, 40, 41, 34, 27, 20, 13),8)
(45,4,Set(45, 38, 39, 32, 25, 18, 11, 4),7)
(45,31,Set(45, 38, 31),2)
(45,7,Set(45, 38, 39, 40, 41, 34, 35, 28, 21, 14, 7),10)
(45,16,Set(45, 44, 37, 30, 23, 16),5)
(45,43,Set(45, 44, 43),2)
(45,25,Set(45, 38, 39, 32, 25),4)
(45,34,Set(45, 38, 39, 40, 41, 34),5)
(45,37,Set(45, 44, 37),2)
(45,10,Set(45, 38, 31, 24, 17, 10),5)
(45,28,Set(45, 38, 39, 40, 41, 34, 35, 28),7)
(45,19,Set(45, 38, 39, 40, 33, 26, 19),6)
(45,9,Set(45, 44, 37, 30, 23, 16, 9),6)
(45,36,Set(45, 44, 43, 36),3)
(45,18,Set(45, 38, 39, 32, 25, 18),5)
(45,27,Set(45, 38, 39, 40, 41, 34, 27),6)
(45,21,Set(45, 38, 39, 40, 41, 34, 35, 28, 21),8)
(45,12,Set(45, 38, 39, 40, 33, 26, 19, 12),7)
(45,3,Set(45, 38, 31, 24, 17, 10, 3),6)
(45,30,Set(45, 44, 37, 30),3)
(45,39,Set(45, 38, 39),2)
(45,15,Set(45, 44, 37, 30, 23, 16, 15),6)
(45,6,Set(45, 38, 39, 40, 41, 34, 27, 20, 13, 6),9)
(45,24,Set(45, 38, 31, 24),3)
(45,33,Set(45, 38, 39, 40, 33),4)
(46,23,Set(46, 39, 32, 25, 24, 23),5)
(46,41,Set(46, 47, 40, 41),3)
(46,32,Set(46, 39, 32),2)
(46,44,Set(46, 45, 44),2)
(46,17,Set(46, 39, 32, 25, 18, 17),5)
(46,35,Set(46, 47, 40, 41, 34, 35),5)
(46,26,Set(46, 47, 40, 33, 26),4)
(46,11,Set(46, 39, 32, 25, 18, 11),5)
(46,38,Set(46, 39, 38),2)
(46,47,Set(46, 47),1)
(46,29,Set(46, 39, 32, 31, 30, 29),5)
(46,20,Set(46, 47, 40, 41, 34, 27, 20),6)
(46,5,Set(46, 47, 40, 33, 26, 19, 12, 5),7)
(46,14,Set(46, 47, 40, 41, 34, 35, 28, 21, 14),8)
(46,40,Set(46, 47, 40),2)
(46,13,Set(46, 47, 40, 41, 34, 27, 20, 13),7)
(46,4,Set(46, 39, 32, 25, 18, 11, 4),6)
(46,31,Set(46, 39, 32, 31),3)
(46,7,Set(46, 47, 40, 41, 34, 35, 28, 21, 14, 7),9)
(46,16,Set(46, 39, 32, 25, 18, 17, 16),6)
(46,43,Set(46, 45, 44, 43),3)
(46,25,Set(46, 39, 32, 25),3)
(46,34,Set(46, 47, 40, 41, 34),4)
(46,10,Set(46, 39, 32, 25, 18, 11, 10),6)
(46,37,Set(46, 39, 38, 37),3)
(46,28,Set(46, 47, 40, 41, 34, 35, 28),6)
(46,19,Set(46, 47, 40, 33, 26, 19),5)
(46,45,Set(46, 45),1)
(46,9,Set(46, 39, 32, 25, 18, 11, 10, 9),7)
(46,36,Set(46, 39, 38, 37, 36),4)
(46,18,Set(46, 39, 32, 25, 18),4)
(46,27,Set(46, 47, 40, 41, 34, 27),5)
(46,21,Set(46, 47, 40, 41, 34, 35, 28, 21),7)
(46,3,Set(46, 39, 32, 25, 18, 11, 4, 3),7)
(46,12,Set(46, 47, 40, 33, 26, 19, 12),6)
(46,39,Set(46, 39),1)
(46,30,Set(46, 39, 32, 31, 30),4)
(46,15,Set(46, 39, 32, 25, 18, 17, 16, 15),7)
(46,6,Set(46, 47, 40, 41, 34, 27, 20, 13, 6),8)
(46,33,Set(46, 47, 40, 33),3)
(46,24,Set(46, 39, 32, 25, 24),4)
(47,23,Set(47, 40, 39, 32, 25, 24, 23),6)
(47,32,Set(47, 40, 39, 32),3)
(47,41,Set(47, 40, 41),2)
(47,17,Set(47, 40, 39, 32, 25, 18, 17),6)
(47,44,Set(47, 46, 45, 44),3)
(47,35,Set(47, 40, 41, 34, 35),4)
(47,26,Set(47, 40, 33, 26),3)
(47,11,Set(47, 40, 39, 32, 25, 18, 11),6)
(47,29,Set(47, 40, 39, 32, 31, 30, 29),6)
(47,38,Set(47, 40, 39, 38),3)
(47,20,Set(47, 40, 41, 34, 27, 20),5)
(47,5,Set(47, 40, 33, 26, 19, 12, 5),6)
(47,14,Set(47, 40, 41, 34, 35, 28, 21, 14),7)
(47,46,Set(47, 46),1)
(47,40,Set(47, 40),1)
(47,4,Set(47, 40, 39, 32, 25, 18, 11, 4),7)
(47,13,Set(47, 40, 41, 34, 27, 20, 13),6)
(47,31,Set(47, 40, 39, 32, 31),4)
(47,7,Set(47, 40, 41, 34, 35, 28, 21, 14, 7),8)
(47,16,Set(47, 40, 39, 32, 25, 18, 17, 16),7)
(47,43,Set(47, 46, 45, 44, 43),4)
(47,34,Set(47, 40, 41, 34),3)
(47,25,Set(47, 40, 39, 32, 25),4)
(47,10,Set(47, 40, 39, 32, 25, 18, 11, 10),7)
(47,37,Set(47, 40, 39, 38, 37),4)
(47,19,Set(47, 40, 33, 26, 19),4)
(47,28,Set(47, 40, 41, 34, 35, 28),5)
(47,45,Set(47, 46, 45),2)
(47,9,Set(47, 40, 39, 32, 25, 18, 11, 10, 9),8)
(47,27,Set(47, 40, 41, 34, 27),4)
(47,36,Set(47, 40, 39, 38, 37, 36),5)
(47,18,Set(47, 40, 39, 32, 25, 18),5)
(47,3,Set(47, 40, 39, 32, 25, 18, 11, 4, 3),8)
(47,21,Set(47, 40, 41, 34, 35, 28, 21),6)
(47,12,Set(47, 40, 33, 26, 19, 12),5)
(47,39,Set(47, 40, 39),2)
(47,30,Set(47, 40, 39, 32, 31, 30),5)
(47,15,Set(47, 40, 39, 32, 25, 18, 17, 16, 15),8)
(47,6,Set(47, 40, 41, 34, 27, 20, 13, 6),7)
(47,33,Set(47, 40, 33),2)
(47,24,Set(47, 40, 39, 32, 25, 24),5)
