(14,23,Set(14, 21, 28, 27, 26, 25, 24, 23),7)
(14,32,Set(14, 21, 28, 35, 34, 33, 32),6)
(14,41,Set(14, 21, 28, 35, 34, 41),5)
(14,44,Set(14, 21, 28, 35, 34, 41, 40, 47, 46, 45, 44),10)
(14,35,Set(14, 21, 28, 35),3)
(14,17,Set(14, 21, 20, 19, 18, 17),5)
(14,26,Set(14, 21, 28, 27, 26),4)
(14,11,Set(14, 13, 12, 11),3)
(14,29,Set(14, 21, 28, 35, 34, 33, 32, 31, 30, 29),9)
(14,38,Set(14, 21, 28, 35, 34, 41, 40, 39, 38),8)
(14,47,Set(14, 21, 28, 35, 34, 41, 40, 47),7)
(14,20,Set(14, 21, 20),2)
(14,5,Set(14, 7, 6, 5),3)
(14,46,Set(14, 21, 28, 35, 34, 41, 40, 47, 46),8)
(14,40,Set(14, 21, 28, 35, 34, 41, 40),6)
(14,13,Set(14, 13),1)
(14,4,Set(14, 7, 6, 5, 4),4)
(14,31,Set(14, 21, 28, 35, 34, 33, 32, 31),7)
(14,7,Set(14, 7),1)
(14,16,Set(14, 21, 20, 19, 18, 17, 16),6)
(14,43,Set(14, 21, 28, 35, 34, 41, 40, 47, 46, 45, 44, 43),11)
(14,34,Set(14, 21, 28, 35, 34),4)
(14,25,Set(14, 21, 28, 27, 26, 25),5)
(14,37,Set(14, 21, 28, 35, 34, 41, 40, 39, 38, 37),9)
(14,10,Set(14, 13, 12, 11, 10),4)
(14,19,Set(14, 21, 20, 19),3)
(14,28,Set(14, 21, 28),2)
(14,45,Set(14, 21, 28, 35, 34, 41, 40, 47, 46, 45),9)
(14,36,Set(14, 21, 28, 35, 34, 41, 40, 39, 38, 37, 36),10)
(14,18,Set(14, 21, 20, 19, 18),4)
(14,27,Set(14, 21, 28, 27),3)
(14,9,Set(14, 13, 12, 11, 10, 9),5)
(14,12,Set(14, 13, 12),2)
(14,21,Set(14, 21),1)
(14,3,Set(14, 7, 6, 5, 4, 3),5)
(14,30,Set(14, 21, 28, 35, 34, 33, 32, 31, 30),8)
(14,39,Set(14, 21, 28, 35, 34, 41, 40, 39),7)
(14,15,Set(14, 21, 20, 19, 18, 17, 16, 15),7)
(14,6,Set(14, 7, 6),2)
(14,33,Set(14, 21, 28, 35, 34, 33),5)
(14,24,Set(14, 21, 28, 27, 26, 25, 24),6)
(15,23,Set(15, 16, 23),2)
(15,41,Set(15, 16, 23, 24, 25, 26, 27, 34, 41),8)
(15,32,Set(15, 16, 23, 24, 25, 32),5)
(15,35,Set(15, 16, 23, 24, 25, 26, 27, 28, 35),8)
(15,17,Set(15, 16, 17),2)
(15,44,Set(15, 16, 23, 30, 37, 44),5)
(15,26,Set(15, 16, 23, 24, 25, 26),5)
(15,11,Set(15, 16, 17, 10, 11),4)
(15,47,Set(15, 16, 23, 24, 25, 26, 33, 40, 47),8)
(15,29,Set(15, 16, 23, 30, 29),4)
(15,38,Set(15, 16, 23, 24, 31, 38),5)
(15,20,Set(15, 16, 17, 18, 19, 20),5)
(15,5,Set(15, 16, 17, 10, 11, 4, 5),6)
(15,14,Set(15, 16, 17, 10, 11, 12, 13, 14),7)
(15,46,Set(15, 16, 23, 24, 25, 32, 39, 46),7)
(15,40,Set(15, 16, 23, 24, 25, 26, 33, 40),7)
(15,4,Set(15, 16, 17, 10, 11, 4),5)
(15,13,Set(15, 16, 17, 10, 11, 12, 13),6)
(15,31,Set(15, 16, 23, 24, 31),4)
(15,7,Set(15, 16, 17, 10, 11, 4, 5, 6, 7),8)
(15,16,Set(15, 16),1)
(15,43,Set(15, 16, 23, 30, 29, 36, 43),6)
(15,34,Set(15, 16, 23, 24, 25, 26, 27, 34),7)
(15,25,Set(15, 16, 23, 24, 25),4)
(15,10,Set(15, 16, 17, 10),3)
(15,37,Set(15, 16, 23, 30, 37),4)
(15,28,Set(15, 16, 23, 24, 25, 26, 27, 28),7)
(15,19,Set(15, 16, 17, 18, 19),4)
(15,45,Set(15, 16, 23, 24, 31, 38, 45),6)
(15,27,Set(15, 16, 23, 24, 25, 26, 27),6)
(15,18,Set(15, 16, 17, 18),3)
(15,9,Set(15, 16, 9),2)
(15,36,Set(15, 16, 23, 30, 29, 36),5)
(15,21,Set(15, 16, 17, 18, 19, 20, 21),6)
(15,3,Set(15, 16, 17, 10, 3),4)
(15,12,Set(15, 16, 17, 10, 11, 12),5)
(15,39,Set(15, 16, 23, 24, 25, 32, 39),6)
(15,30,Set(15, 16, 23, 30),3)
(15,6,Set(15, 16, 17, 10, 11, 4, 5, 6),7)
(15,33,Set(15, 16, 23, 24, 25, 26, 33),6)
(15,24,Set(15, 16, 23, 24),3)
(16,23,Set(16, 23),1)
(16,41,Set(16, 23, 24, 25, 26, 27, 34, 41),7)
(16,32,Set(16, 23, 24, 25, 32),4)
(16,35,Set(16, 23, 24, 25, 26, 27, 28, 35),7)
(16,17,Set(16, 17),1)
(16,44,Set(16, 23, 30, 37, 44),4)
(16,26,Set(16, 23, 24, 25, 26),4)
(16,11,Set(16, 17, 10, 11),3)
(16,47,Set(16, 23, 24, 25, 26, 33, 40, 47),7)
(16,29,Set(16, 23, 30, 29),3)
(16,38,Set(16, 23, 24, 31, 38),4)
(16,20,Set(16, 17, 18, 19, 20),4)
(16,5,Set(16, 17, 10, 11, 4, 5),5)
(16,14,Set(16, 17, 10, 11, 12, 13, 14),6)
(16,46,Set(16, 23, 24, 25, 32, 39, 46),6)
(16,40,Set(16, 23, 24, 25, 26, 33, 40),6)
(16,4,Set(16, 17, 10, 11, 4),4)
(16,13,Set(16, 17, 10, 11, 12, 13),5)
(16,31,Set(16, 23, 24, 31),3)
(16,7,Set(16, 17, 10, 11, 4, 5, 6, 7),7)
(16,43,Set(16, 23, 30, 29, 36, 43),5)
(16,34,Set(16, 23, 24, 25, 26, 27, 34),6)
(16,25,Set(16, 23, 24, 25),3)
(16,10,Set(16, 17, 10),2)
(16,37,Set(16, 23, 30, 37),3)
(16,28,Set(16, 23, 24, 25, 26, 27, 28),6)
(16,19,Set(16, 17, 18, 19),3)
(16,45,Set(16, 23, 24, 31, 38, 45),5)
(16,27,Set(16, 23, 24, 25, 26, 27),5)
(16,18,Set(16, 17, 18),2)
(16,9,Set(16, 9),1)
(16,36,Set(16, 23, 30, 29, 36),4)
(16,21,Set(16, 17, 18, 19, 20, 21),5)
(16,3,Set(16, 17, 10, 3),3)
(16,12,Set(16, 17, 10, 11, 12),4)
(16,39,Set(16, 23, 24, 25, 32, 39),5)
(16,30,Set(16, 23, 30),2)
(16,15,Set(16, 15),1)
(16,6,Set(16, 17, 10, 11, 4, 5, 6),6)
(16,33,Set(16, 23, 24, 25, 26, 33),5)
(16,24,Set(16, 23, 24),2)
(17,23,Set(17, 24, 23),2)
(17,41,Set(17, 18, 25, 26, 27, 34, 41),6)
(17,32,Set(17, 18, 25, 32),3)
(17,35,Set(17, 18, 25, 26, 27, 28, 35),6)
(17,44,Set(17, 24, 23, 30, 37, 44),5)
(17,26,Set(17, 18, 25, 26),3)
(17,11,Set(17, 10, 11),2)
(17,47,Set(17, 18, 25, 26, 33, 40, 47),6)
(17,38,Set(17, 24, 31, 38),3)
(17,29,Set(17, 24, 23, 30, 29),4)
(17,20,Set(17, 18, 19, 20),3)
(17,5,Set(17, 10, 11, 4, 5),4)
(17,14,Set(17, 10, 11, 12, 13, 14),5)
(17,46,Set(17, 18, 25, 32, 39, 46),5)
(17,40,Set(17, 18, 25, 26, 33, 40),5)
(17,13,Set(17, 10, 11, 12, 13),4)
(17,4,Set(17, 10, 11, 4),3)
(17,31,Set(17, 24, 31),2)
(17,7,Set(17, 10, 11, 4, 5, 6, 7),6)
(17,16,Set(17, 16),1)
(17,43,Set(17, 24, 23, 30, 29, 36, 43),6)
(17,34,Set(17, 18, 25, 26, 27, 34),5)
(17,25,Set(17, 18, 25),2)
(17,10,Set(17, 10),1)
(17,37,Set(17, 24, 23, 30, 37),4)
(17,28,Set(17, 18, 25, 26, 27, 28),5)
(17,19,Set(17, 18, 19),2)
(17,45,Set(17, 24, 31, 38, 45),4)
(17,36,Set(17, 24, 23, 30, 29, 36),5)
(17,9,Set(17, 10, 9),2)
(17,18,Set(17, 18),1)
(17,27,Set(17, 18, 25, 26, 27),4)
(17,21,Set(17, 18, 19, 20, 21),4)
(17,3,Set(17, 10, 3),2)
(17,12,Set(17, 10, 11, 12),3)
(17,30,Set(17, 24, 23, 30),3)
(17,39,Set(17, 18, 25, 32, 39),4)
(17,15,Set(17, 16, 15),2)
(17,6,Set(17, 10, 11, 4, 5, 6),5)
(17,24,Set(17, 24),1)
(17,33,Set(17, 18, 25, 26, 33),4)
(18,23,Set(18, 25, 24, 23),3)
(18,41,Set(18, 25, 26, 27, 34, 41),5)
(18,32,Set(18, 25, 32),2)
(18,44,Set(18, 25, 24, 23, 30, 37, 44),6)
(18,35,Set(18, 25, 26, 27, 28, 35),5)
(18,17,Set(18, 17),1)
(18,26,Set(18, 25, 26),2)
(18,11,Set(18, 11),1)
(18,29,Set(18, 25, 24, 23, 30, 29),5)
(18,47,Set(18, 25, 26, 33, 40, 47),5)
(18,38,Set(18, 25, 24, 31, 38),4)
(18,20,Set(18, 19, 20),2)
(18,5,Set(18, 11, 4, 5),3)
(18,14,Set(18, 11, 12, 13, 14),4)
(18,46,Set(18, 25, 32, 39, 46),4)
(18,40,Set(18, 25, 26, 33, 40),4)
(18,13,Set(18, 11, 12, 13),3)
(18,4,Set(18, 11, 4),2)
(18,31,Set(18, 25, 24, 31),3)
(18,7,Set(18, 11, 4, 5, 6, 7),5)
(18,16,Set(18, 17, 16),2)
(18,43,Set(18, 25, 24, 23, 30, 29, 36, 43),7)
(18,34,Set(18, 25, 26, 27, 34),4)
(18,25,Set(18, 25),1)
(18,37,Set(18, 25, 24, 23, 30, 37),5)
(18,10,Set(18, 11, 10),2)
(18,28,Set(18, 25, 26, 27, 28),4)
(18,19,Set(18, 19),1)
(18,45,Set(18, 25, 24, 31, 38, 45),5)
(18,36,Set(18, 25, 24, 23, 30, 29, 36),6)
(18,27,Set(18, 25, 26, 27),3)
(18,9,Set(18, 11, 10, 9),3)
(18,12,Set(18, 11, 12),2)
(18,21,Set(18, 19, 20, 21),3)
(18,3,Set(18, 11, 4, 3),3)
(18,30,Set(18, 25, 24, 23, 30),4)
(18,39,Set(18, 25, 32, 39),3)
(18,15,Set(18, 17, 16, 15),3)
(18,24,Set(18, 25, 24),2)
(18,33,Set(18, 25, 26, 33),3)
(18,6,Set(18, 11, 4, 5, 6),4)
(19,23,Set(19, 26, 25, 24, 23),4)
(19,41,Set(19, 26, 27, 34, 41),4)
(19,32,Set(19, 26, 25, 32),3)
(19,44,Set(19, 26, 25, 24, 23, 30, 37, 44),7)
(19,35,Set(19, 26, 27, 28, 35),4)
(19,17,Set(19, 18, 17),2)
(19,26,Set(19, 26),1)
(19,11,Set(19, 18, 11),2)
(19,29,Set(19, 26, 25, 24, 23, 30, 29),6)
(19,38,Set(19, 26, 25, 24, 31, 38),5)
(19,47,Set(19, 26, 33, 40, 47),4)
(19,20,Set(19, 20),1)
(19,5,Set(19, 12, 5),2)
(19,14,Set(19, 20, 21, 14),3)
(19,46,Set(19, 26, 25, 32, 39, 46),5)
(19,40,Set(19, 26, 33, 40),3)
(19,13,Set(19, 20, 13),2)
(19,4,Set(19, 18, 11, 4),3)
(19,31,Set(19, 26, 25, 24, 31),4)
(19,16,Set(19, 18, 17, 16),3)
(19,7,Set(19, 20, 21, 14, 7),4)
(19,43,Set(19, 26, 25, 24, 23, 30, 29, 36, 43),8)
(19,25,Set(19, 26, 25),2)
(19,34,Set(19, 26, 27, 34),3)
(19,37,Set(19, 26, 25, 24, 23, 30, 37),6)
(19,10,Set(19, 18, 11, 10),3)
(19,28,Set(19, 26, 27, 28),3)
(19,45,Set(19, 26, 25, 24, 31, 38, 45),6)
(19,36,Set(19, 26, 25, 24, 23, 30, 29, 36),7)
(19,27,Set(19, 26, 27),2)
(19,18,Set(19, 18),1)
(19,9,Set(19, 18, 11, 10, 9),4)
(19,21,Set(19, 20, 21),2)
(19,12,Set(19, 12),1)
(19,3,Set(19, 18, 11, 4, 3),4)
(19,30,Set(19, 26, 25, 24, 23, 30),5)
(19,39,Set(19, 26, 25, 32, 39),4)
(19,15,Set(19, 18, 17, 16, 15),4)
(19,6,Set(19, 20, 13, 6),3)
(19,33,Set(19, 26, 33),2)
(19,24,Set(19, 26, 25, 24),3)
(20,23,Set(20, 19, 26, 25, 24, 23),5)
(20,41,Set(20, 27, 34, 41),3)
(20,32,Set(20, 19, 26, 25, 32),4)
(20,44,Set(20, 19, 26, 25, 24, 23, 30, 37, 44),8)
(20,35,Set(20, 21, 28, 35),3)
(20,17,Set(20, 19, 18, 17),3)
(20,26,Set(20, 19, 26),2)
(20,11,Set(20, 13, 12, 11),3)
(20,29,Set(20, 19, 26, 25, 24, 23, 30, 29),7)
(20,38,Set(20, 19, 26, 25, 24, 31, 38),6)
(20,47,Set(20, 19, 26, 33, 40, 47),5)
(20,5,Set(20, 13, 6, 5),3)
(20,14,Set(20, 21, 14),2)
(20,46,Set(20, 19, 26, 25, 32, 39, 46),6)
(20,40,Set(20, 19, 26, 33, 40),4)
(20,13,Set(20, 13),1)
(20,4,Set(20, 13, 6, 5, 4),4)
(20,31,Set(20, 19, 26, 25, 24, 31),5)
(20,7,Set(20, 21, 14, 7),3)
(20,16,Set(20, 19, 18, 17, 16),4)
(20,43,Set(20, 19, 26, 25, 24, 23, 30, 29, 36, 43),9)
(20,34,Set(20, 27, 34),2)
(20,25,Set(20, 19, 26, 25),3)
(20,37,Set(20, 19, 26, 25, 24, 23, 30, 37),7)
(20,10,Set(20, 13, 12, 11, 10),4)
(20,28,Set(20, 21, 28),2)
(20,19,Set(20, 19),1)
(20,45,Set(20, 19, 26, 25, 24, 31, 38, 45),7)
(20,36,Set(20, 19, 26, 25, 24, 23, 30, 29, 36),8)
(20,9,Set(20, 13, 12, 11, 10, 9),5)
(20,18,Set(20, 19, 18),2)
(20,27,Set(20, 27),1)
(20,3,Set(20, 13, 6, 5, 4, 3),5)
(20,12,Set(20, 13, 12),2)
(20,21,Set(20, 21),1)
(20,30,Set(20, 19, 26, 25, 24, 23, 30),6)
(20,39,Set(20, 19, 26, 25, 32, 39),5)
(20,15,Set(20, 19, 18, 17, 16, 15),5)
(20,33,Set(20, 19, 26, 33),3)
(20,6,Set(20, 13, 6),2)
(20,24,Set(20, 19, 26, 25, 24),4)
(21,23,Set(21, 28, 27, 26, 25, 24, 23),6)
(21,41,Set(21, 28, 35, 34, 41),4)
(21,32,Set(21, 28, 35, 34, 33, 32),5)
(21,44,Set(21, 28, 35, 34, 41, 40, 47, 46, 45, 44),9)
(21,35,Set(21, 28, 35),2)
(21,17,Set(21, 20, 19, 18, 17),4)
(21,26,Set(21, 28, 27, 26),3)
(21,11,Set(21, 14, 13, 12, 11),4)
(21,29,Set(21, 28, 35, 34, 33, 32, 31, 30, 29),8)
(21,38,Set(21, 28, 35, 34, 41, 40, 39, 38),7)
(21,47,Set(21, 28, 35, 34, 41, 40, 47),6)
(21,20,Set(21, 20),1)
(21,5,Set(21, 14, 7, 6, 5),4)
(21,14,Set(21, 14),1)
(21,46,Set(21, 28, 35, 34, 41, 40, 47, 46),7)
(21,40,Set(21, 28, 35, 34, 41, 40),5)
(21,13,Set(21, 14, 13),2)
(21,4,Set(21, 14, 7, 6, 5, 4),5)
(21,31,Set(21, 28, 35, 34, 33, 32, 31),6)
(21,7,Set(21, 14, 7),2)
(21,16,Set(21, 20, 19, 18, 17, 16),5)
(21,43,Set(21, 28, 35, 34, 41, 40, 47, 46, 45, 44, 43),10)
(21,34,Set(21, 28, 35, 34),3)
(21,25,Set(21, 28, 27, 26, 25),4)
(21,37,Set(21, 28, 35, 34, 41, 40, 39, 38, 37),8)
(21,10,Set(21, 14, 13, 12, 11, 10),5)
(21,19,Set(21, 20, 19),2)
(21,28,Set(21, 28),1)
(21,45,Set(21, 28, 35, 34, 41, 40, 47, 46, 45),8)
(21,36,Set(21, 28, 35, 34, 41, 40, 39, 38, 37, 36),9)
(21,9,Set(21, 14, 13, 12, 11, 10, 9),6)
(21,18,Set(21, 20, 19, 18),3)
(21,27,Set(21, 28, 27),2)
(21,3,Set(21, 14, 7, 6, 5, 4, 3),6)
(21,12,Set(21, 14, 13, 12),3)
(21,30,Set(21, 28, 35, 34, 33, 32, 31, 30),7)
(21,39,Set(21, 28, 35, 34, 41, 40, 39),6)
(21,15,Set(21, 20, 19, 18, 17, 16, 15),6)
(21,6,Set(21, 14, 7, 6),3)
(21,33,Set(21, 28, 35, 34, 33),4)
(21,24,Set(21, 28, 27, 26, 25, 24),5)
(23,41,Set(23, 24, 25, 26, 27, 34, 41),6)
(23,32,Set(23, 24, 25, 32),3)
(23,35,Set(23, 24, 25, 26, 27, 28, 35),6)
(23,44,Set(23, 30, 37, 44),3)
(23,17,Set(23, 24, 17),2)
(23,26,Set(23, 24, 25, 26),3)
(23,11,Set(23, 24, 25, 18, 11),4)
(23,47,Set(23, 24, 25, 26, 33, 40, 47),6)
(23,38,Set(23, 24, 31, 38),3)
(23,29,Set(23, 30, 29),2)
(23,20,Set(23, 24, 25, 26, 19, 20),5)
(23,5,Set(23, 24, 25, 26, 19, 12, 5),6)
(23,14,Set(23, 24, 25, 26, 19, 20, 21, 14),7)
(23,46,Set(23, 24, 25, 32, 39, 46),5)
(23,40,Set(23, 24, 25, 26, 33, 40),5)
(23,13,Set(23, 24, 25, 26, 19, 20, 13),6)
(23,4,Set(23, 24, 25, 18, 11, 4),5)
(23,31,Set(23, 24, 31),2)
(23,7,Set(23, 24, 25, 26, 19, 20, 21, 14, 7),8)
(23,16,Set(23, 16),1)
(23,43,Set(23, 30, 29, 36, 43),4)
(23,34,Set(23, 24, 25, 26, 27, 34),5)
(23,25,Set(23, 24, 25),2)
(23,37,Set(23, 30, 37),2)
(23,10,Set(23, 24, 17, 10),3)
(23,28,Set(23, 24, 25, 26, 27, 28),5)
(23,19,Set(23, 24, 25, 26, 19),4)
(23,45,Set(23, 24, 31, 38, 45),4)
(23,36,Set(23, 30, 29, 36),3)
(23,9,Set(23, 16, 9),2)
(23,18,Set(23, 24, 25, 18),3)
(23,27,Set(23, 24, 25, 26, 27),4)
(23,21,Set(23, 24, 25, 26, 19, 20, 21),6)
(23,12,Set(23, 24, 25, 26, 19, 12),5)
(23,3,Set(23, 24, 17, 10, 3),4)
(23,30,Set(23, 30),1)
(23,39,Set(23, 24, 25, 32, 39),4)
(23,15,Set(23, 16, 15),2)
(23,6,Set(23, 24, 25, 26, 19, 20, 13, 6),7)
(23,24,Set(23, 24),1)
(23,33,Set(23, 24, 25, 26, 33),4)
(24,23,Set(24, 23),1)
(24,41,Set(24, 25, 26, 27, 34, 41),5)
(24,32,Set(24, 25, 32),2)
(24,35,Set(24, 25, 26, 27, 28, 35),5)
(24,17,Set(24, 17),1)
(24,44,Set(24, 23, 30, 37, 44),4)
(24,26,Set(24, 25, 26),2)
(24,11,Set(24, 25, 18, 11),3)
(24,47,Set(24, 25, 26, 33, 40, 47),5)
(24,29,Set(24, 23, 30, 29),3)
(24,38,Set(24, 31, 38),2)
(24,20,Set(24, 25, 26, 19, 20),4)
(24,5,Set(24, 25, 26, 19, 12, 5),5)
(24,14,Set(24, 25, 26, 19, 20, 21, 14),6)
(24,46,Set(24, 25, 32, 39, 46),4)
(24,40,Set(24, 25, 26, 33, 40),4)
(24,13,Set(24, 25, 26, 19, 20, 13),5)
(24,4,Set(24, 25, 18, 11, 4),4)
(24,31,Set(24, 31),1)
(24,7,Set(24, 25, 26, 19, 20, 21, 14, 7),7)
(24,16,Set(24, 23, 16),2)
(24,43,Set(24, 23, 30, 29, 36, 43),5)
(24,34,Set(24, 25, 26, 27, 34),4)
(24,25,Set(24, 25),1)
(24,37,Set(24, 23, 30, 37),3)
(24,10,Set(24, 17, 10),2)
(24,28,Set(24, 25, 26, 27, 28),4)
(24,19,Set(24, 25, 26, 19),3)
(24,45,Set(24, 31, 38, 45),3)
(24,18,Set(24, 25, 18),2)
(24,9,Set(24, 23, 16, 9),3)
(24,27,Set(24, 25, 26, 27),3)
(24,36,Set(24, 23, 30, 29, 36),4)
(24,21,Set(24, 25, 26, 19, 20, 21),5)
(24,12,Set(24, 25, 26, 19, 12),4)
(24,3,Set(24, 17, 10, 3),3)
(24,30,Set(24, 23, 30),2)
(24,39,Set(24, 25, 32, 39),3)
(24,15,Set(24, 23, 16, 15),3)
(24,6,Set(24, 25, 26, 19, 20, 13, 6),6)
(24,33,Set(24, 25, 26, 33),3)
(25,23,Set(25, 24, 23),2)
(25,32,Set(25, 32),1)
(25,41,Set(25, 26, 27, 34, 41),4)
(25,44,Set(25, 24, 23, 30, 37, 44),5)
(25,17,Set(25, 18, 17),2)
(25,35,Set(25, 26, 27, 28, 35),4)
(25,26,Set(25, 26),1)
(25,11,Set(25, 18, 11),2)
(25,29,Set(25, 24, 23, 30, 29),4)
(25,47,Set(25, 26, 33, 40, 47),4)
(25,38,Set(25, 24, 31, 38),3)
(25,20,Set(25, 26, 19, 20),3)
(25,5,Set(25, 26, 19, 12, 5),4)
(25,14,Set(25, 26, 19, 20, 21, 14),5)
(25,46,Set(25, 32, 39, 46),3)
(25,40,Set(25, 26, 33, 40),3)
(25,13,Set(25, 26, 19, 20, 13),4)
(25,4,Set(25, 18, 11, 4),3)
(25,31,Set(25, 24, 31),2)
(25,7,Set(25, 26, 19, 20, 21, 14, 7),6)
(25,16,Set(25, 18, 17, 16),3)
(25,43,Set(25, 24, 23, 30, 29, 36, 43),6)
(25,34,Set(25, 26, 27, 34),3)
(25,37,Set(25, 24, 23, 30, 37),4)
(25,10,Set(25, 18, 11, 10),3)
(25,19,Set(25, 26, 19),2)
(25,28,Set(25, 26, 27, 28),3)
(25,45,Set(25, 24, 31, 38, 45),4)
(25,36,Set(25, 24, 23, 30, 29, 36),5)
(25,9,Set(25, 18, 11, 10, 9),4)
(25,27,Set(25, 26, 27),2)
(25,18,Set(25, 18),1)
(25,21,Set(25, 26, 19, 20, 21),4)
(25,3,Set(25, 18, 11, 4, 3),4)
(25,12,Set(25, 26, 19, 12),3)
(25,39,Set(25, 32, 39),2)
(25,30,Set(25, 24, 23, 30),3)
(25,15,Set(25, 18, 17, 16, 15),4)
(25,6,Set(25, 26, 19, 20, 13, 6),5)
(25,33,Set(25, 26, 33),2)
(25,24,Set(25, 24),1)
