(1,23,Set(1, 6, 11, 16, 17, 18, 23),6)
(1,17,Set(1, 6, 11, 16, 17),4)
(1,11,Set(1, 6, 11),2)
(1,20,Set(1, 6, 11, 16, 17, 18, 19, 20),7)
(1,5,Set(1, 6, 11, 12, 13, 14, 9, 4, 5),8)
(1,14,Set(1, 6, 11, 12, 13, 14),5)
(1,4,Set(1, 6, 11, 12, 13, 14, 9, 4),7)
(1,13,Set(1, 6, 11, 12, 13),4)
(1,7,Set(1, 6, 7),2)
(1,16,Set(1, 6, 11, 16),3)
(1,25,Set(1, 6, 11, 16, 17, 18, 23, 24, 25),8)
(1,10,Set(1, 6, 11, 12, 13, 14, 9, 10),7)
(1,19,Set(1, 6, 11, 16, 17, 18, 19),6)
(1,9,Set(1, 6, 11, 12, 13, 14, 9),6)
(1,18,Set(1, 6, 11, 16, 17, 18),5)
(1,3,Set(1, 6, 11, 12, 13, 14, 9, 4, 3),8)
(1,12,Set(1, 6, 11, 12),3)
(1,21,Set(1, 6, 11, 16, 21),4)
(1,24,Set(1, 6, 11, 16, 17, 18, 23, 24),7)
(1,6,Set(1, 6),1)
(1,15,Set(1, 6, 11, 12, 13, 14, 15),6)
(3,23,Set(3, 4, 9, 14, 13, 18, 23),6)
(3,17,Set(3, 4, 9, 14, 13, 18, 17),6)
(3,11,Set(3, 4, 9, 14, 13, 12, 11),6)
(3,20,Set(3, 4, 5, 10, 15, 20),5)
(3,5,Set(3, 4, 5),2)
(3,14,Set(3, 4, 9, 14),3)
(3,4,Set(3, 4),1)
(3,13,Set(3, 4, 9, 14, 13),4)
(3,16,Set(3, 4, 9, 14, 13, 18, 17, 16),7)
(3,7,Set(3, 4, 9, 14, 13, 12, 7),6)
(3,25,Set(3, 4, 5, 10, 15, 20, 25),6)
(3,1,Set(3, 4, 9, 14, 13, 12, 11, 6, 1),8)
(3,10,Set(3, 4, 5, 10),3)
(3,19,Set(3, 4, 9, 14, 19),4)
(3,9,Set(3, 4, 9),2)
(3,18,Set(3, 4, 9, 14, 13, 18),5)
(3,21,Set(3, 4, 9, 14, 13, 18, 17, 16, 21),8)
(3,12,Set(3, 4, 9, 14, 13, 12),5)
(3,6,Set(3, 4, 9, 14, 13, 12, 11, 6),7)
(3,15,Set(3, 4, 5, 10, 15),4)
(3,24,Set(3, 4, 9, 14, 19, 24),5)
(4,23,Set(4, 9, 14, 13, 18, 23),5)
(4,17,Set(4, 9, 14, 13, 18, 17),5)
(4,11,Set(4, 9, 14, 13, 12, 11),5)
(4,20,Set(4, 5, 10, 15, 20),4)
(4,5,Set(4, 5),1)
(4,14,Set(4, 9, 14),2)
(4,13,Set(4, 9, 14, 13),3)
(4,16,Set(4, 9, 14, 13, 18, 17, 16),6)
(4,7,Set(4, 9, 14, 13, 12, 7),5)
(4,25,Set(4, 5, 10, 15, 20, 25),5)
(4,1,Set(4, 9, 14, 13, 12, 11, 6, 1),7)
(4,10,Set(4, 5, 10),2)
(4,19,Set(4, 9, 14, 19),3)
(4,9,Set(4, 9),1)
(4,18,Set(4, 9, 14, 13, 18),4)
(4,21,Set(4, 9, 14, 13, 18, 17, 16, 21),7)
(4,3,Set(4, 3),1)
(4,12,Set(4, 9, 14, 13, 12),4)
(4,6,Set(4, 9, 14, 13, 12, 11, 6),6)
(4,15,Set(4, 5, 10, 15),3)
(4,24,Set(4, 9, 14, 19, 24),4)
(5,23,Set(5, 4, 9, 14, 13, 18, 23),6)
(5,17,Set(5, 4, 9, 14, 13, 18, 17),6)
(5,11,Set(5, 4, 9, 14, 13, 12, 11),6)
(5,20,Set(5, 10, 15, 20),3)
(5,14,Set(5, 4, 9, 14),3)
(5,4,Set(5, 4),1)
(5,13,Set(5, 4, 9, 14, 13),4)
(5,16,Set(5, 4, 9, 14, 13, 18, 17, 16),7)
(5,7,Set(5, 4, 9, 14, 13, 12, 7),6)
(5,25,Set(5, 10, 15, 20, 25),4)
(5,1,Set(5, 4, 9, 14, 13, 12, 11, 6, 1),8)
(5,10,Set(5, 10),1)
(5,19,Set(5, 4, 9, 14, 19),4)
(5,9,Set(5, 4, 9),2)
(5,18,Set(5, 4, 9, 14, 13, 18),5)
(5,21,Set(5, 4, 9, 14, 13, 18, 17, 16, 21),8)
(5,3,Set(5, 4, 3),2)
(5,12,Set(5, 4, 9, 14, 13, 12),5)
(5,6,Set(5, 4, 9, 14, 13, 12, 11, 6),7)
(5,15,Set(5, 10, 15),2)
(5,24,Set(5, 4, 9, 14, 19, 24),5)
(6,23,Set(6, 11, 16, 17, 18, 23),5)
(6,17,Set(6, 11, 16, 17),3)
(6,11,Set(6, 11),1)
(6,20,Set(6, 11, 16, 17, 18, 19, 20),6)
(6,5,Set(6, 11, 12, 13, 14, 9, 4, 5),7)
(6,14,Set(6, 11, 12, 13, 14),4)
(6,4,Set(6, 11, 12, 13, 14, 9, 4),6)
(6,13,Set(6, 11, 12, 13),3)
(6,7,Set(6, 7),1)
(6,16,Set(6, 11, 16),2)
(6,25,Set(6, 11, 16, 17, 18, 23, 24, 25),7)
(6,10,Set(6, 11, 12, 13, 14, 9, 10),6)
(6,1,Set(6, 1),1)
(6,19,Set(6, 11, 16, 17, 18, 19),5)
(6,9,Set(6, 11, 12, 13, 14, 9),5)
(6,18,Set(6, 11, 16, 17, 18),4)
(6,3,Set(6, 11, 12, 13, 14, 9, 4, 3),7)
(6,12,Set(6, 11, 12),2)
(6,21,Set(6, 11, 16, 21),3)
(6,24,Set(6, 11, 16, 17, 18, 23, 24),6)
(6,15,Set(6, 11, 12, 13, 14, 15),5)
