(14,23,Set(14, 13, 18, 23),3)
(14,17,Set(14, 13, 18, 17),3)
(14,11,Set(14, 13, 12, 11),3)
(14,20,Set(14, 19, 20),2)
(14,5,Set(14, 9, 4, 5),3)
(14,13,Set(14, 13),1)
(14,4,Set(14, 9, 4),2)
(14,16,Set(14, 13, 18, 17, 16),4)
(14,7,Set(14, 13, 12, 7),3)
(14,25,Set(14, 19, 24, 25),3)
(14,1,Set(14, 13, 12, 11, 6, 1),5)
(14,10,Set(14, 9, 10),2)
(14,19,Set(14, 19),1)
(14,9,Set(14, 9),1)
(14,18,Set(14, 13, 18),2)
(14,21,Set(14, 13, 18, 17, 16, 21),5)
(14,12,Set(14, 13, 12),2)
(14,3,Set(14, 9, 4, 3),3)
(14,6,Set(14, 13, 12, 11, 6),4)
(14,15,Set(14, 15),1)
(14,24,Set(14, 19, 24),2)
(15,23,Set(15, 14, 13, 18, 23),4)
(15,17,Set(15, 14, 13, 18, 17),4)
(15,11,Set(15, 14, 13, 12, 11),4)
(15,20,Set(15, 20),1)
(15,5,Set(15, 10, 5),2)
(15,14,Set(15, 14),1)
(15,13,Set(15, 14, 13),2)
(15,4,Set(15, 14, 9, 4),3)
(15,16,Set(15, 14, 13, 18, 17, 16),5)
(15,7,Set(15, 14, 13, 12, 7),4)
(15,25,Set(15, 20, 25),2)
(15,1,Set(15, 14, 13, 12, 11, 6, 1),6)
(15,10,Set(15, 10),1)
(15,19,Set(15, 14, 19),2)
(15,9,Set(15, 14, 9),2)
(15,18,Set(15, 14, 13, 18),3)
(15,21,Set(15, 14, 13, 18, 17, 16, 21),6)
(15,3,Set(15, 14, 9, 4, 3),4)
(15,12,Set(15, 14, 13, 12),3)
(15,6,Set(15, 14, 13, 12, 11, 6),5)
(15,24,Set(15, 14, 19, 24),3)
(16,23,Set(16, 17, 18, 23),3)
(16,17,Set(16, 17),1)
(16,11,Set(16, 11),1)
(16,20,Set(16, 17, 18, 19, 20),4)
(16,5,Set(16, 11, 12, 13, 14, 9, 4, 5),7)
(16,14,Set(16, 11, 12, 13, 14),4)
(16,4,Set(16, 11, 12, 13, 14, 9, 4),6)
(16,13,Set(16, 11, 12, 13),3)
(16,7,Set(16, 11, 6, 7),3)
(16,25,Set(16, 17, 18, 23, 24, 25),5)
(16,10,Set(16, 11, 12, 13, 14, 9, 10),6)
(16,1,Set(16, 11, 6, 1),3)
(16,19,Set(16, 17, 18, 19),3)
(16,9,Set(16, 11, 12, 13, 14, 9),5)
(16,18,Set(16, 17, 18),2)
(16,3,Set(16, 11, 12, 13, 14, 9, 4, 3),7)
(16,21,Set(16, 21),1)
(16,12,Set(16, 11, 12),2)
(16,15,Set(16, 11, 12, 13, 14, 15),5)
(16,24,Set(16, 17, 18, 23, 24),4)
(16,6,Set(16, 11, 6),2)
(17,23,Set(17, 18, 23),2)
(17,11,Set(17, 16, 11),2)
(17,20,Set(17, 18, 19, 20),3)
(17,5,Set(17, 18, 13, 14, 9, 4, 5),6)
(17,14,Set(17, 18, 13, 14),3)
(17,4,Set(17, 18, 13, 14, 9, 4),5)
(17,13,Set(17, 18, 13),2)
(17,16,Set(17, 16),1)
(17,7,Set(17, 12, 7),2)
(17,25,Set(17, 18, 23, 24, 25),4)
(17,10,Set(17, 18, 13, 14, 9, 10),5)
(17,1,Set(17, 16, 11, 6, 1),4)
(17,19,Set(17, 18, 19),2)
(17,9,Set(17, 18, 13, 14, 9),4)
(17,18,Set(17, 18),1)
(17,3,Set(17, 18, 13, 14, 9, 4, 3),6)
(17,12,Set(17, 12),1)
(17,21,Set(17, 16, 21),2)
(17,15,Set(17, 18, 13, 14, 15),4)
(17,6,Set(17, 16, 11, 6),3)
(17,24,Set(17, 18, 23, 24),3)
(18,23,Set(18, 23),1)
(18,17,Set(18, 17),1)
(18,11,Set(18, 17, 16, 11),3)
(18,20,Set(18, 19, 20),2)
(18,5,Set(18, 13, 14, 9, 4, 5),5)
(18,14,Set(18, 13, 14),2)
(18,4,Set(18, 13, 14, 9, 4),4)
(18,13,Set(18, 13),1)
(18,16,Set(18, 17, 16),2)
(18,7,Set(18, 17, 12, 7),3)
(18,25,Set(18, 23, 24, 25),3)
(18,1,Set(18, 17, 16, 11, 6, 1),5)
(18,10,Set(18, 13, 14, 9, 10),4)
(18,19,Set(18, 19),1)
(18,9,Set(18, 13, 14, 9),3)
(18,3,Set(18, 13, 14, 9, 4, 3),5)
(18,21,Set(18, 17, 16, 21),3)
(18,12,Set(18, 17, 12),2)
(18,6,Set(18, 17, 16, 11, 6),4)
(18,24,Set(18, 23, 24),2)
(18,15,Set(18, 13, 14, 15),3)
