(7,23,Set(7, 12, 17, 18, 23),4)
(7,17,Set(7, 12, 17),2)
(7,11,Set(7, 6, 11),2)
(7,20,Set(7, 12, 17, 18, 19, 20),5)
(7,5,Set(7, 12, 13, 14, 9, 4, 5),6)
(7,14,Set(7, 12, 13, 14),3)
(7,4,Set(7, 12, 13, 14, 9, 4),5)
(7,13,Set(7, 12, 13),2)
(7,16,Set(7, 6, 11, 16),3)
(7,25,Set(7, 12, 17, 18, 23, 24, 25),6)
(7,10,Set(7, 12, 13, 14, 9, 10),5)
(7,1,Set(7, 6, 1),2)
(7,19,Set(7, 12, 17, 18, 19),4)
(7,18,Set(7, 12, 17, 18),3)
(7,9,Set(7, 12, 13, 14, 9),4)
(7,3,Set(7, 12, 13, 14, 9, 4, 3),6)
(7,21,Set(7, 6, 11, 16, 21),4)
(7,12,Set(7, 12),1)
(7,24,Set(7, 12, 17, 18, 23, 24),5)
(7,6,Set(7, 6),1)
(7,15,Set(7, 12, 13, 14, 15),4)
(9,23,Set(9, 14, 13, 18, 23),4)
(9,17,Set(9, 14, 13, 18, 17),4)
(9,11,Set(9, 14, 13, 12, 11),4)
(9,20,Set(9, 14, 19, 20),3)
(9,5,Set(9, 4, 5),2)
(9,14,Set(9, 14),1)
(9,4,Set(9, 4),1)
(9,13,Set(9, 14, 13),2)
(9,16,Set(9, 14, 13, 18, 17, 16),5)
(9,7,Set(9, 14, 13, 12, 7),4)
(9,25,Set(9, 14, 19, 24, 25),4)
(9,1,Set(9, 14, 13, 12, 11, 6, 1),6)
(9,10,Set(9, 10),1)
(9,19,Set(9, 14, 19),2)
(9,18,Set(9, 14, 13, 18),3)
(9,21,Set(9, 14, 13, 18, 17, 16, 21),6)
(9,3,Set(9, 4, 3),2)
(9,12,Set(9, 14, 13, 12),3)
(9,6,Set(9, 14, 13, 12, 11, 6),5)
(9,15,Set(9, 14, 15),2)
(9,24,Set(9, 14, 19, 24),3)
(10,23,Set(10, 9, 14, 13, 18, 23),5)
(10,17,Set(10, 9, 14, 13, 18, 17),5)
(10,11,Set(10, 9, 14, 13, 12, 11),5)
(10,20,Set(10, 15, 20),2)
(10,5,Set(10, 5),1)
(10,14,Set(10, 9, 14),2)
(10,4,Set(10, 5, 4),2)
(10,13,Set(10, 9, 14, 13),3)
(10,16,Set(10, 9, 14, 13, 18, 17, 16),6)
(10,7,Set(10, 9, 14, 13, 12, 7),5)
(10,25,Set(10, 15, 20, 25),3)
(10,1,Set(10, 9, 14, 13, 12, 11, 6, 1),7)
(10,19,Set(10, 9, 14, 19),3)
(10,9,Set(10, 9),1)
(10,18,Set(10, 9, 14, 13, 18),4)
(10,21,Set(10, 9, 14, 13, 18, 17, 16, 21),7)
(10,3,Set(10, 5, 4, 3),3)
(10,12,Set(10, 9, 14, 13, 12),4)
(10,6,Set(10, 9, 14, 13, 12, 11, 6),6)
(10,15,Set(10, 15),1)
(10,24,Set(10, 9, 14, 19, 24),4)
(11,23,Set(11, 16, 17, 18, 23),4)
(11,17,Set(11, 16, 17),2)
(11,20,Set(11, 16, 17, 18, 19, 20),5)
(11,5,Set(11, 12, 13, 14, 9, 4, 5),6)
(11,14,Set(11, 12, 13, 14),3)
(11,4,Set(11, 12, 13, 14, 9, 4),5)
(11,13,Set(11, 12, 13),2)
(11,16,Set(11, 16),1)
(11,7,Set(11, 6, 7),2)
(11,25,Set(11, 16, 17, 18, 23, 24, 25),6)
(11,10,Set(11, 12, 13, 14, 9, 10),5)
(11,1,Set(11, 6, 1),2)
(11,19,Set(11, 16, 17, 18, 19),4)
(11,9,Set(11, 12, 13, 14, 9),4)
(11,18,Set(11, 16, 17, 18),3)
(11,3,Set(11, 12, 13, 14, 9, 4, 3),6)
(11,12,Set(11, 12),1)
(11,21,Set(11, 16, 21),2)
(11,24,Set(11, 16, 17, 18, 23, 24),5)
(11,6,Set(11, 6),1)
(11,15,Set(11, 12, 13, 14, 15),4)
(12,23,Set(12, 17, 18, 23),3)
(12,17,Set(12, 17),1)
(12,11,Set(12, 11),1)
(12,20,Set(12, 17, 18, 19, 20),4)
(12,5,Set(12, 13, 14, 9, 4, 5),5)
(12,14,Set(12, 13, 14),2)
(12,4,Set(12, 13, 14, 9, 4),4)
(12,13,Set(12, 13),1)
(12,7,Set(12, 7),1)
(12,16,Set(12, 11, 16),2)
(12,25,Set(12, 17, 18, 23, 24, 25),5)
(12,10,Set(12, 13, 14, 9, 10),4)
(12,1,Set(12, 11, 6, 1),3)
(12,19,Set(12, 17, 18, 19),3)
(12,18,Set(12, 17, 18),2)
(12,9,Set(12, 13, 14, 9),3)
(12,3,Set(12, 13, 14, 9, 4, 3),5)
(12,21,Set(12, 11, 16, 21),3)
(12,24,Set(12, 17, 18, 23, 24),4)
(12,6,Set(12, 11, 6),2)
(12,15,Set(12, 13, 14, 15),3)
(13,23,Set(13, 18, 23),2)
(13,17,Set(13, 18, 17),2)
(13,11,Set(13, 12, 11),2)
(13,20,Set(13, 14, 19, 20),3)
(13,5,Set(13, 14, 9, 4, 5),4)
(13,14,Set(13, 14),1)
(13,4,Set(13, 14, 9, 4),3)
(13,7,Set(13, 12, 7),2)
(13,16,Set(13, 18, 17, 16),3)
(13,25,Set(13, 14, 19, 24, 25),4)
(13,1,Set(13, 12, 11, 6, 1),4)
(13,10,Set(13, 14, 9, 10),3)
(13,19,Set(13, 14, 19),2)
(13,18,Set(13, 18),1)
(13,9,Set(13, 14, 9),2)
(13,3,Set(13, 14, 9, 4, 3),4)
(13,21,Set(13, 18, 17, 16, 21),4)
(13,12,Set(13, 12),1)
(13,24,Set(13, 14, 19, 24),3)
(13,15,Set(13, 14, 15),2)
(13,6,Set(13, 12, 11, 6),3)
