(19,23,Set(19, 18, 23),2)
(19,17,Set(19, 18, 17),2)
(19,11,Set(19, 14, 13, 12, 11),4)
(19,20,Set(19, 20),1)
(19,5,Set(19, 14, 9, 4, 5),4)
(19,14,Set(19, 14),1)
(19,4,Set(19, 14, 9, 4),3)
(19,13,Set(19, 14, 13),2)
(19,7,Set(19, 14, 13, 12, 7),4)
(19,16,Set(19, 18, 17, 16),3)
(19,25,Set(19, 24, 25),2)
(19,1,Set(19, 14, 13, 12, 11, 6, 1),6)
(19,10,Set(19, 14, 9, 10),3)
(19,18,Set(19, 18),1)
(19,9,Set(19, 14, 9),2)
(19,3,Set(19, 14, 9, 4, 3),4)
(19,21,Set(19, 18, 17, 16, 21),4)
(19,12,Set(19, 14, 13, 12),3)
(19,6,Set(19, 14, 13, 12, 11, 6),5)
(19,24,Set(19, 24),1)
(19,15,Set(19, 14, 15),2)
(20,23,Set(20, 25, 24, 23),3)
(20,17,Set(20, 19, 18, 17),3)
(20,11,Set(20, 19, 14, 13, 12, 11),5)
(20,5,Set(20, 15, 10, 5),3)
(20,14,Set(20, 19, 14),2)
(20,13,Set(20, 19, 14, 13),3)
(20,4,Set(20, 19, 14, 9, 4),4)
(20,7,Set(20, 19, 14, 13, 12, 7),5)
(20,16,Set(20, 19, 18, 17, 16),4)
(20,25,Set(20, 25),1)
(20,1,Set(20, 19, 14, 13, 12, 11, 6, 1),7)
(20,10,Set(20, 15, 10),2)
(20,19,Set(20, 19),1)
(20,18,Set(20, 19, 18),2)
(20,9,Set(20, 19, 14, 9),3)
(20,21,Set(20, 19, 18, 17, 16, 21),5)
(20,3,Set(20, 19, 14, 9, 4, 3),5)
(20,12,Set(20, 19, 14, 13, 12),4)
(20,6,Set(20, 19, 14, 13, 12, 11, 6),6)
(20,15,Set(20, 15),1)
(20,24,Set(20, 25, 24),2)
(21,23,Set(21, 16, 17, 18, 23),4)
(21,17,Set(21, 16, 17),2)
(21,11,Set(21, 16, 11),2)
(21,20,Set(21, 16, 17, 18, 19, 20),5)
(21,5,Set(21, 16, 11, 12, 13, 14, 9, 4, 5),8)
(21,14,Set(21, 16, 11, 12, 13, 14),5)
(21,4,Set(21, 16, 11, 12, 13, 14, 9, 4),7)
(21,13,Set(21, 16, 11, 12, 13),4)
(21,16,Set(21, 16),1)
(21,7,Set(21, 16, 11, 6, 7),4)
(21,25,Set(21, 16, 17, 18, 23, 24, 25),6)
(21,10,Set(21, 16, 11, 12, 13, 14, 9, 10),7)
(21,1,Set(21, 16, 11, 6, 1),4)
(21,19,Set(21, 16, 17, 18, 19),4)
(21,9,Set(21, 16, 11, 12, 13, 14, 9),6)
(21,18,Set(21, 16, 17, 18),3)
(21,3,Set(21, 16, 11, 12, 13, 14, 9, 4, 3),8)
(21,12,Set(21, 16, 11, 12),3)
(21,15,Set(21, 16, 11, 12, 13, 14, 15),6)
(21,24,Set(21, 16, 17, 18, 23, 24),5)
(21,6,Set(21, 16, 11, 6),3)
(23,17,Set(23, 18, 17),2)
(23,11,Set(23, 18, 17, 16, 11),4)
(23,20,Set(23, 18, 19, 20),3)
(23,5,Set(23, 18, 13, 14, 9, 4, 5),6)
(23,14,Set(23, 18, 13, 14),3)
(23,4,Set(23, 18, 13, 14, 9, 4),5)
(23,13,Set(23, 18, 13),2)
(23,16,Set(23, 18, 17, 16),3)
(23,7,Set(23, 18, 17, 12, 7),4)
(23,25,Set(23, 24, 25),2)
(23,1,Set(23, 18, 17, 16, 11, 6, 1),6)
(23,10,Set(23, 18, 13, 14, 9, 10),5)
(23,19,Set(23, 18, 19),2)
(23,18,Set(23, 18),1)
(23,9,Set(23, 18, 13, 14, 9),4)
(23,3,Set(23, 18, 13, 14, 9, 4, 3),6)
(23,21,Set(23, 18, 17, 16, 21),4)
(23,12,Set(23, 18, 17, 12),3)
(23,6,Set(23, 18, 17, 16, 11, 6),5)
(23,24,Set(23, 24),1)
(23,15,Set(23, 18, 13, 14, 15),4)
(24,23,Set(24, 23),1)
(24,17,Set(24, 23, 18, 17),3)
(24,11,Set(24, 23, 18, 17, 16, 11),5)
(24,20,Set(24, 25, 20),2)
(24,5,Set(24, 25, 20, 15, 10, 5),5)
(24,14,Set(24, 19, 14),2)
(24,4,Set(24, 19, 14, 9, 4),4)
(24,13,Set(24, 23, 18, 13),3)
(24,7,Set(24, 23, 18, 17, 12, 7),5)
(24,16,Set(24, 23, 18, 17, 16),4)
(24,25,Set(24, 25),1)
(24,1,Set(24, 23, 18, 17, 16, 11, 6, 1),7)
(24,10,Set(24, 25, 20, 15, 10),4)
(24,19,Set(24, 19),1)
(24,18,Set(24, 23, 18),2)
(24,9,Set(24, 19, 14, 9),3)
(24,3,Set(24, 19, 14, 9, 4, 3),5)
(24,21,Set(24, 23, 18, 17, 16, 21),5)
(24,12,Set(24, 23, 18, 17, 12),4)
(24,6,Set(24, 23, 18, 17, 16, 11, 6),6)
(24,15,Set(24, 25, 20, 15),3)
(25,23,Set(25, 24, 23),2)
(25,17,Set(25, 24, 23, 18, 17),4)
(25,11,Set(25, 24, 23, 18, 17, 16, 11),6)
(25,20,Set(25, 20),1)
(25,5,Set(25, 20, 15, 10, 5),4)
(25,14,Set(25, 24, 19, 14),3)
(25,13,Set(25, 24, 23, 18, 13),4)
(25,4,Set(25, 24, 19, 14, 9, 4),5)
(25,7,Set(25, 24, 23, 18, 17, 12, 7),6)
(25,16,Set(25, 24, 23, 18, 17, 16),5)
(25,1,Set(25, 24, 23, 18, 17, 16, 11, 6, 1),8)
(25,10,Set(25, 20, 15, 10),3)
(25,19,Set(25, 24, 19),2)
(25,18,Set(25, 24, 23, 18),3)
(25,9,Set(25, 24, 19, 14, 9),4)
(25,21,Set(25, 24, 23, 18, 17, 16, 21),6)
(25,3,Set(25, 24, 19, 14, 9, 4, 3),6)
(25,12,Set(25, 24, 23, 18, 17, 12),5)
(25,6,Set(25, 24, 23, 18, 17, 16, 11, 6),7)
(25,24,Set(25, 24),1)
(25,15,Set(25, 20, 15),2)
