(312,(Set(332, 292, 311, 313),50,Set(1, 21, 41, 61, 81, 101, 121, 141, 161, 181, 201, 221, 241, 261, 262, 263, 264, 244, 224, 204, 184, 164, 144, 124, 104, 84, 64, 44, 24, 25, 26, 27, 28, 29, 30, 31, 32, 52, 72, 92, 112, 132, 152, 172, 192, 212, 232, 252, 272, 292, 312),DONE))
(296,(Set(297, 276, 316, 295),53,Set(1, 21, 41, 61, 81, 101, 121, 141, 161, 181, 201, 221, 241, 261, 262, 263, 264, 244, 224, 204, 184, 164, 144, 124, 104, 84, 64, 44, 24, 25, 26, 27, 28, 29, 30, 31, 32, 33, 34, 35, 36, 56, 76, 96, 116, 136, 156, 176, 196, 216, 236, 256, 276, 296),DONE))
(96,(Set(97, 76, 116, 95),43,Set(1, 21, 41, 61, 81, 101, 121, 141, 161, 181, 201, 221, 241, 261, 262, 263, 264, 244, 224, 204, 184, 164, 144, 124, 104, 84, 64, 44, 24, 25, 26, 27, 28, 29, 30, 31, 32, 33, 34, 35, 36, 56, 76, 96),DONE))
(52,(Set(51, 53, 32, 72),37,Set(1, 21, 41, 61, 81, 101, 121, 141, 161, 181, 201, 221, 241, 261, 262, 263, 264, 244, 224, 204, 184, 164, 144, 124, 104, 84, 64, 44, 24, 25, 26, 27, 28, 29, 30, 31, 32, 52),DONE))
(4,(Set(5, 24, 3),29,Set(1, 21, 41, 61, 81, 101, 121, 141, 161, 181, 201, 221, 241, 261, 262, 263, 264, 244, 224, 204, 184, 164, 144, 124, 104, 84, 64, 44, 24, 4),DONE))
(324,(Set(325, 304, 344, 323),19,Set(1, 21, 41, 61, 81, 101, 121, 141, 161, 181, 201, 221, 241, 261, 262, 263, 264, 284, 304, 324),DONE))
(180,(Set(179, 160, 200),51,Set(1, 21, 41, 61, 81, 101, 121, 141, 161, 181, 201, 221, 241, 261, 262, 263, 264, 244, 224, 204, 184, 164, 144, 124, 104, 84, 64, 44, 24, 25, 26, 27, 28, 29, 30, 31, 32, 33, 34, 35, 36, 37, 38, 39, 40, 60, 80, 100, 120, 140, 160, 180),DONE))
(340,(Set(320, 339),59,Set(1, 21, 41, 61, 81, 101, 121, 141, 161, 181, 201, 221, 241, 261, 262, 263, 264, 244, 224, 204, 184, 164, 144, 124, 104, 84, 64, 44, 24, 25, 26, 27, 28, 29, 30, 31, 32, 33, 34, 35, 36, 37, 38, 39, 40, 60, 80, 100, 120, 140, 160, 180, 200, 220, 240, 260, 280, 300, 320, 340),DONE))
(16,(Set(15, 17, 36),41,Set(1, 21, 41, 61, 81, 101, 121, 141, 161, 181, 201, 221, 241, 261, 262, 263, 264, 244, 224, 204, 184, 164, 144, 124, 104, 84, 64, 44, 24, 25, 26, 27, 28, 29, 30, 31, 32, 33, 34, 35, 36, 16),DONE))
(320,(Set(300, 340, 319),58,Set(1, 21, 41, 61, 81, 101, 121, 141, 161, 181, 201, 221, 241, 261, 262, 263, 264, 244, 224, 204, 184, 164, 144, 124, 104, 84, 64, 44, 24, 25, 26, 27, 28, 29, 30, 31, 32, 33, 34, 35, 36, 37, 38, 39, 40, 60, 80, 100, 120, 140, 160, 180, 200, 220, 240, 260, 280, 300, 320),DONE))
(156,(Set(157, 136, 176, 155),46,Set(1, 21, 41, 61, 81, 101, 121, 141, 161, 181, 201, 221, 241, 261, 262, 263, 264, 244, 224, 204, 184, 164, 144, 124, 104, 84, 64, 44, 24, 25, 26, 27, 28, 29, 30, 31, 32, 33, 34, 35, 36, 56, 76, 96, 116, 136, 156),DONE))
(216,(Set(215, 217, 196, 236),49,Set(1, 21, 41, 61, 81, 101, 121, 141, 161, 181, 201, 221, 241, 261, 262, 263, 264, 244, 224, 204, 184, 164, 144, 124, 104, 84, 64, 44, 24, 25, 26, 27, 28, 29, 30, 31, 32, 33, 34, 35, 36, 56, 76, 96, 116, 136, 156, 176, 196, 216),DONE))
(28,(Set(27, 29),32,Set(1, 21, 41, 61, 81, 101, 121, 141, 161, 181, 201, 221, 241, 261, 262, 263, 264, 244, 224, 204, 184, 164, 144, 124, 104, 84, 64, 44, 24, 25, 26, 27, 28),DONE))
(80,(Set(60, 100, 79),46,Set(1, 21, 41, 61, 81, 101, 121, 141, 161, 181, 201, 221, 241, 261, 262, 263, 264, 244, 224, 204, 184, 164, 144, 124, 104, 84, 64, 44, 24, 25, 26, 27, 28, 29, 30, 31, 32, 33, 34, 35, 36, 37, 38, 39, 40, 60, 80),DONE))
(292,(Set(291, 293, 272, 312),49,Set(1, 21, 41, 61, 81, 101, 121, 141, 161, 181, 201, 221, 241, 261, 262, 263, 264, 244, 224, 204, 184, 164, 144, 124, 104, 84, 64, 44, 24, 25, 26, 27, 28, 29, 30, 31, 32, 52, 72, 92, 112, 132, 152, 172, 192, 212, 232, 252, 272, 292),DONE))
(376,(Set(356, 375, 377, 396),57,Set(1, 21, 41, 61, 81, 101, 121, 141, 161, 181, 201, 221, 241, 261, 262, 263, 264, 244, 224, 204, 184, 164, 144, 124, 104, 84, 64, 44, 24, 25, 26, 27, 28, 29, 30, 31, 32, 33, 34, 35, 36, 56, 76, 96, 116, 136, 156, 176, 196, 216, 236, 256, 276, 296, 316, 336, 356, 376),DONE))
(104,(Set(84, 103, 105, 124),24,Set(1, 21, 41, 61, 81, 101, 121, 141, 161, 181, 201, 221, 241, 261, 262, 263, 264, 244, 224, 204, 184, 164, 144, 124, 104),DONE))
(352,(Set(353, 332, 372, 351),52,Set(1, 21, 41, 61, 81, 101, 121, 141, 161, 181, 201, 221, 241, 261, 262, 263, 264, 244, 224, 204, 184, 164, 144, 124, 104, 84, 64, 44, 24, 25, 26, 27, 28, 29, 30, 31, 32, 52, 72, 92, 112, 132, 152, 172, 192, 212, 232, 252, 272, 292, 312, 332, 352),DONE))
(36,(Set(37, 16, 56, 35),40,Set(1, 21, 41, 61, 81, 101, 121, 141, 161, 181, 201, 221, 241, 261, 262, 263, 264, 244, 224, 204, 184, 164, 144, 124, 104, 84, 64, 44, 24, 25, 26, 27, 28, 29, 30, 31, 32, 33, 34, 35, 36),DONE))
(24,(Set(25, 4, 44, 23),28,Set(1, 21, 41, 61, 81, 101, 121, 141, 161, 181, 201, 221, 241, 261, 262, 263, 264, 244, 224, 204, 184, 164, 144, 124, 104, 84, 64, 44, 24),DONE))
(64,(Set(84, 63, 65, 44),26,Set(1, 21, 41, 61, 81, 101, 121, 141, 161, 181, 201, 221, 241, 261, 262, 263, 264, 244, 224, 204, 184, 164, 144, 124, 104, 84, 64),DONE))
(92,(Set(93, 72, 112, 91),39,Set(1, 21, 41, 61, 81, 101, 121, 141, 161, 181, 201, 221, 241, 261, 262, 263, 264, 244, 224, 204, 184, 164, 144, 124, 104, 84, 64, 44, 24, 25, 26, 27, 28, 29, 30, 31, 32, 52, 72, 92),DONE))
(152,(Set(153, 132, 172, 151),42,Set(1, 21, 41, 61, 81, 101, 121, 141, 161, 181, 201, 221, 241, 261, 262, 263, 264, 244, 224, 204, 184, 164, 144, 124, 104, 84, 64, 44, 24, 25, 26, 27, 28, 29, 30, 31, 32, 52, 72, 92, 112, 132, 152),DONE))
(336,(Set(356, 335, 337, 316),55,Set(1, 21, 41, 61, 81, 101, 121, 141, 161, 181, 201, 221, 241, 261, 262, 263, 264, 244, 224, 204, 184, 164, 144, 124, 104, 84, 64, 44, 24, 25, 26, 27, 28, 29, 30, 31, 32, 33, 34, 35, 36, 56, 76, 96, 116, 136, 156, 176, 196, 216, 236, 256, 276, 296, 316, 336),DONE))
(272,(Set(273, 252, 292, 271),48,Set(1, 21, 41, 61, 81, 101, 121, 141, 161, 181, 201, 221, 241, 261, 262, 263, 264, 244, 224, 204, 184, 164, 144, 124, 104, 84, 64, 44, 24, 25, 26, 27, 28, 29, 30, 31, 32, 52, 72, 92, 112, 132, 152, 172, 192, 212, 232, 252, 272),DONE))
(396,(Set(397, 376, 395),58,Set(1, 21, 41, 61, 81, 101, 121, 141, 161, 181, 201, 221, 241, 261, 262, 263, 264, 244, 224, 204, 184, 164, 144, 124, 104, 84, 64, 44, 24, 25, 26, 27, 28, 29, 30, 31, 32, 33, 34, 35, 36, 56, 76, 96, 116, 136, 156, 176, 196, 216, 236, 256, 276, 296, 316, 336, 356, 376, 396),DONE))
(140,(Set(139, 120, 160),49,Set(1, 21, 41, 61, 81, 101, 121, 141, 161, 181, 201, 221, 241, 261, 262, 263, 264, 244, 224, 204, 184, 164, 144, 124, 104, 84, 64, 44, 24, 25, 26, 27, 28, 29, 30, 31, 32, 33, 34, 35, 36, 37, 38, 39, 40, 60, 80, 100, 120, 140),DONE))
(204,(Set(205, 184, 224, 203),19,Set(1, 21, 41, 61, 81, 101, 121, 141, 161, 181, 201, 221, 241, 261, 262, 263, 264, 244, 224, 204),DONE))
(212,(Set(213, 192, 232, 211),45,Set(1, 21, 41, 61, 81, 101, 121, 141, 161, 181, 201, 221, 241, 261, 262, 263, 264, 244, 224, 204, 184, 164, 144, 124, 104, 84, 64, 44, 24, 25, 26, 27, 28, 29, 30, 31, 32, 52, 72, 92, 112, 132, 152, 172, 192, 212),DONE))
(132,(Set(133, 152, 112, 131),41,Set(1, 21, 41, 61, 81, 101, 121, 141, 161, 181, 201, 221, 241, 261, 262, 263, 264, 244, 224, 204, 184, 164, 144, 124, 104, 84, 64, 44, 24, 25, 26, 27, 28, 29, 30, 31, 32, 52, 72, 92, 112, 132),DONE))
(236,(Set(237, 216, 256, 235),50,Set(1, 21, 41, 61, 81, 101, 121, 141, 161, 181, 201, 221, 241, 261, 262, 263, 264, 244, 224, 204, 184, 164, 144, 124, 104, 84, 64, 44, 24, 25, 26, 27, 28, 29, 30, 31, 32, 33, 34, 35, 36, 56, 76, 96, 116, 136, 156, 176, 196, 216, 236),DONE))
(316,(Set(317, 336, 296, 315),54,Set(1, 21, 41, 61, 81, 101, 121, 141, 161, 181, 201, 221, 241, 261, 262, 263, 264, 244, 224, 204, 184, 164, 144, 124, 104, 84, 64, 44, 24, 25, 26, 27, 28, 29, 30, 31, 32, 33, 34, 35, 36, 56, 76, 96, 116, 136, 156, 176, 196, 216, 236, 256, 276, 296, 316),DONE))
(252,(Set(251, 253, 272, 232),47,Set(1, 21, 41, 61, 81, 101, 121, 141, 161, 181, 201, 221, 241, 261, 262, 263, 264, 244, 224, 204, 184, 164, 144, 124, 104, 84, 64, 44, 24, 25, 26, 27, 28, 29, 30, 31, 32, 52, 72, 92, 112, 132, 152, 172, 192, 212, 232, 252),DONE))
(72,(Set(52, 71, 73, 92),38,Set(1, 21, 41, 61, 81, 101, 121, 141, 161, 181, 201, 221, 241, 261, 262, 263, 264, 244, 224, 204, 184, 164, 144, 124, 104, 84, 64, 44, 24, 25, 26, 27, 28, 29, 30, 31, 32, 52, 72),DONE))
(344,(Set(324, 343, 345, 364),20,Set(1, 21, 41, 61, 81, 101, 121, 141, 161, 181, 201, 221, 241, 261, 262, 263, 264, 284, 304, 324, 344),DONE))
(20,(Set(19, 40),45,Set(1, 21, 41, 61, 81, 101, 121, 141, 161, 181, 201, 221, 241, 261, 262, 263, 264, 244, 224, 204, 184, 164, 144, 124, 104, 84, 64, 44, 24, 25, 26, 27, 28, 29, 30, 31, 32, 33, 34, 35, 36, 37, 38, 39, 40, 20),DONE))
(12,(Set(13, 32, 11),37,Set(1, 21, 41, 61, 81, 101, 121, 141, 161, 181, 201, 221, 241, 261, 262, 263, 264, 244, 224, 204, 184, 164, 144, 124, 104, 84, 64, 44, 24, 25, 26, 27, 28, 29, 30, 31, 32, 12),DONE))
(364,(Set(365, 344, 384, 363),21,Set(1, 21, 41, 61, 81, 101, 121, 141, 161, 181, 201, 221, 241, 261, 262, 263, 264, 284, 304, 324, 344, 364),DONE))
(400,(Set(380, 399),62,Set(1, 21, 41, 61, 81, 101, 121, 141, 161, 181, 201, 221, 241, 261, 262, 263, 264, 244, 224, 204, 184, 164, 144, 124, 104, 84, 64, 44, 24, 25, 26, 27, 28, 29, 30, 31, 32, 33, 34, 35, 36, 56, 76, 96, 116, 136, 156, 176, 196, 216, 236, 256, 276, 296, 316, 336, 356, 376, 396, 397, 398, 399, 400),DONE))
(256,(Set(255, 257, 276, 236),51,Set(1, 21, 41, 61, 81, 101, 121, 141, 161, 181, 201, 221, 241, 261, 262, 263, 264, 244, 224, 204, 184, 164, 144, 124, 104, 84, 64, 44, 24, 25, 26, 27, 28, 29, 30, 31, 32, 33, 34, 35, 36, 56, 76, 96, 116, 136, 156, 176, 196, 216, 236, 256),DONE))
(380,(Set(379, 400),63,Set(1, 21, 41, 61, 81, 101, 121, 141, 161, 181, 201, 221, 241, 261, 262, 263, 264, 244, 224, 204, 184, 164, 144, 124, 104, 84, 64, 44, 24, 25, 26, 27, 28, 29, 30, 31, 32, 33, 34, 35, 36, 56, 76, 96, 116, 136, 156, 176, 196, 216, 236, 256, 276, 296, 316, 336, 356, 376, 396, 397, 398, 399, 400, 380),DONE))
(144,(Set(143, 145, 124, 164),22,Set(1, 21, 41, 61, 81, 101, 121, 141, 161, 181, 201, 221, 241, 261, 262, 263, 264, 244, 224, 204, 184, 164, 144),DONE))
(192,(Set(212, 172, 191, 193),44,Set(1, 21, 41, 61, 81, 101, 121, 141, 161, 181, 201, 221, 241, 261, 262, 263, 264, 244, 224, 204, 184, 164, 144, 124, 104, 84, 64, 44, 24, 25, 26, 27, 28, 29, 30, 31, 32, 52, 72, 92, 112, 132, 152, 172, 192),DONE))
(84,(Set(85, 64, 104, 83),25,Set(1, 21, 41, 61, 81, 101, 121, 141, 161, 181, 201, 221, 241, 261, 262, 263, 264, 244, 224, 204, 184, 164, 144, 124, 104, 84),DONE))
(100,(Set(99, 120, 80),47,Set(1, 21, 41, 61, 81, 101, 121, 141, 161, 181, 201, 221, 241, 261, 262, 263, 264, 244, 224, 204, 184, 164, 144, 124, 104, 84, 64, 44, 24, 25, 26, 27, 28, 29, 30, 31, 32, 33, 34, 35, 36, 37, 38, 39, 40, 60, 80, 100),DONE))
(160,(Set(180, 140, 159),50,Set(1, 21, 41, 61, 81, 101, 121, 141, 161, 181, 201, 221, 241, 261, 262, 263, 264, 244, 224, 204, 184, 164, 144, 124, 104, 84, 64, 44, 24, 25, 26, 27, 28, 29, 30, 31, 32, 33, 34, 35, 36, 37, 38, 39, 40, 60, 80, 100, 120, 140, 160),DONE))
(224,(Set(204, 223, 225, 244),18,Set(1, 21, 41, 61, 81, 101, 121, 141, 161, 181, 201, 221, 241, 261, 262, 263, 264, 244, 224),DONE))
(56,(Set(57, 36, 76, 55),41,Set(1, 21, 41, 61, 81, 101, 121, 141, 161, 181, 201, 221, 241, 261, 262, 263, 264, 244, 224, 204, 184, 164, 144, 124, 104, 84, 64, 44, 24, 25, 26, 27, 28, 29, 30, 31, 32, 33, 34, 35, 36, 56),DONE))
(332,(Set(333, 312, 352, 331),51,Set(1, 21, 41, 61, 81, 101, 121, 141, 161, 181, 201, 221, 241, 261, 262, 263, 264, 244, 224, 204, 184, 164, 144, 124, 104, 84, 64, 44, 24, 25, 26, 27, 28, 29, 30, 31, 32, 52, 72, 92, 112, 132, 152, 172, 192, 212, 232, 252, 272, 292, 312, 332),DONE))
(76,(Set(96, 56, 75, 77),42,Set(1, 21, 41, 61, 81, 101, 121, 141, 161, 181, 201, 221, 241, 261, 262, 263, 264, 244, 224, 204, 184, 164, 144, 124, 104, 84, 64, 44, 24, 25, 26, 27, 28, 29, 30, 31, 32, 33, 34, 35, 36, 56, 76),DONE))
(112,(Set(132, 111, 113, 92),40,Set(1, 21, 41, 61, 81, 101, 121, 141, 161, 181, 201, 221, 241, 261, 262, 263, 264, 244, 224, 204, 184, 164, 144, 124, 104, 84, 64, 44, 24, 25, 26, 27, 28, 29, 30, 31, 32, 52, 72, 92, 112),DONE))
(120,(Set(100, 140, 119),48,Set(1, 21, 41, 61, 81, 101, 121, 141, 161, 181, 201, 221, 241, 261, 262, 263, 264, 244, 224, 204, 184, 164, 144, 124, 104, 84, 64, 44, 24, 25, 26, 27, 28, 29, 30, 31, 32, 33, 34, 35, 36, 37, 38, 39, 40, 60, 80, 100, 120),DONE))
(280,(Set(300, 260, 279),56,Set(1, 21, 41, 61, 81, 101, 121, 141, 161, 181, 201, 221, 241, 261, 262, 263, 264, 244, 224, 204, 184, 164, 144, 124, 104, 84, 64, 44, 24, 25, 26, 27, 28, 29, 30, 31, 32, 33, 34, 35, 36, 37, 38, 39, 40, 60, 80, 100, 120, 140, 160, 180, 200, 220, 240, 260, 280),DONE))
(276,(Set(277, 256, 296, 275),52,Set(1, 21, 41, 61, 81, 101, 121, 141, 161, 181, 201, 221, 241, 261, 262, 263, 264, 244, 224, 204, 184, 164, 144, 124, 104, 84, 64, 44, 24, 25, 26, 27, 28, 29, 30, 31, 32, 33, 34, 35, 36, 56, 76, 96, 116, 136, 156, 176, 196, 216, 236, 256, 276),DONE))
(184,(Set(204, 183, 185, 164),20,Set(1, 21, 41, 61, 81, 101, 121, 141, 161, 181, 201, 221, 241, 261, 262, 263, 264, 244, 224, 204, 184),DONE))
(232,(Set(233, 212, 252, 231),46,Set(1, 21, 41, 61, 81, 101, 121, 141, 161, 181, 201, 221, 241, 261, 262, 263, 264, 244, 224, 204, 184, 164, 144, 124, 104, 84, 64, 44, 24, 25, 26, 27, 28, 29, 30, 31, 32, 52, 72, 92, 112, 132, 152, 172, 192, 212, 232),DONE))
(200,(Set(180, 220, 199),52,Set(1, 21, 41, 61, 81, 101, 121, 141, 161, 181, 201, 221, 241, 261, 262, 263, 264, 244, 224, 204, 184, 164, 144, 124, 104, 84, 64, 44, 24, 25, 26, 27, 28, 29, 30, 31, 32, 33, 34, 35, 36, 37, 38, 39, 40, 60, 80, 100, 120, 140, 160, 180, 200),DONE))
(300,(Set(320, 299, 280),57,Set(1, 21, 41, 61, 81, 101, 121, 141, 161, 181, 201, 221, 241, 261, 262, 263, 264, 244, 224, 204, 184, 164, 144, 124, 104, 84, 64, 44, 24, 25, 26, 27, 28, 29, 30, 31, 32, 33, 34, 35, 36, 37, 38, 39, 40, 60, 80, 100, 120, 140, 160, 180, 200, 220, 240, 260, 280, 300),DONE))
(116,(Set(117, 96, 136, 115),44,Set(1, 21, 41, 61, 81, 101, 121, 141, 161, 181, 201, 221, 241, 261, 262, 263, 264, 244, 224, 204, 184, 164, 144, 124, 104, 84, 64, 44, 24, 25, 26, 27, 28, 29, 30, 31, 32, 33, 34, 35, 36, 56, 76, 96, 116),DONE))
(240,(Set(220, 260, 239),54,Set(1, 21, 41, 61, 81, 101, 121, 141, 161, 181, 201, 221, 241, 261, 262, 263, 264, 244, 224, 204, 184, 164, 144, 124, 104, 84, 64, 44, 24, 25, 26, 27, 28, 29, 30, 31, 32, 33, 34, 35, 36, 37, 38, 39, 40, 60, 80, 100, 120, 140, 160, 180, 200, 220, 240),DONE))
(260,(Set(259, 240, 280),55,Set(1, 21, 41, 61, 81, 101, 121, 141, 161, 181, 201, 221, 241, 261, 262, 263, 264, 244, 224, 204, 184, 164, 144, 124, 104, 84, 64, 44, 24, 25, 26, 27, 28, 29, 30, 31, 32, 33, 34, 35, 36, 37, 38, 39, 40, 60, 80, 100, 120, 140, 160, 180, 200, 220, 240, 260),DONE))
(32,(Set(33, 12, 52, 31),36,Set(1, 21, 41, 61, 81, 101, 121, 141, 161, 181, 201, 221, 241, 261, 262, 263, 264, 244, 224, 204, 184, 164, 144, 124, 104, 84, 64, 44, 24, 25, 26, 27, 28, 29, 30, 31, 32),DONE))
(220,(Set(219, 240, 200),53,Set(1, 21, 41, 61, 81, 101, 121, 141, 161, 181, 201, 221, 241, 261, 262, 263, 264, 244, 224, 204, 184, 164, 144, 124, 104, 84, 64, 44, 24, 25, 26, 27, 28, 29, 30, 31, 32, 33, 34, 35, 36, 37, 38, 39, 40, 60, 80, 100, 120, 140, 160, 180, 200, 220),DONE))
(172,(Set(171, 173, 152, 192),43,Set(1, 21, 41, 61, 81, 101, 121, 141, 161, 181, 201, 221, 241, 261, 262, 263, 264, 244, 224, 204, 184, 164, 144, 124, 104, 84, 64, 44, 24, 25, 26, 27, 28, 29, 30, 31, 32, 52, 72, 92, 112, 132, 152, 172),DONE))
(124,(Set(125, 104, 144, 123),23,Set(1, 21, 41, 61, 81, 101, 121, 141, 161, 181, 201, 221, 241, 261, 262, 263, 264, 244, 224, 204, 184, 164, 144, 124),DONE))
(164,(Set(165, 184, 144, 163),21,Set(1, 21, 41, 61, 81, 101, 121, 141, 161, 181, 201, 221, 241, 261, 262, 263, 264, 244, 224, 204, 184, 164),DONE))
(264,(Set(284, 263, 265, 244),16,Set(1, 21, 41, 61, 81, 101, 121, 141, 161, 181, 201, 221, 241, 261, 262, 263, 264),DONE))
(40,(Set(60, 20, 39),44,Set(1, 21, 41, 61, 81, 101, 121, 141, 161, 181, 201, 221, 241, 261, 262, 263, 264, 244, 224, 204, 184, 164, 144, 124, 104, 84, 64, 44, 24, 25, 26, 27, 28, 29, 30, 31, 32, 33, 34, 35, 36, 37, 38, 39, 40),DONE))
(284,(Set(285, 304, 264, 283),17,Set(1, 21, 41, 61, 81, 101, 121, 141, 161, 181, 201, 221, 241, 261, 262, 263, 264, 284),DONE))
(304,(Set(305, 284, 324, 303),18,Set(1, 21, 41, 61, 81, 101, 121, 141, 161, 181, 201, 221, 241, 261, 262, 263, 264, 284, 304),DONE))
(392,(Set(393, 372, 391),54,Set(1, 21, 41, 61, 81, 101, 121, 141, 161, 181, 201, 221, 241, 261, 262, 263, 264, 244, 224, 204, 184, 164, 144, 124, 104, 84, 64, 44, 24, 25, 26, 27, 28, 29, 30, 31, 32, 52, 72, 92, 112, 132, 152, 172, 192, 212, 232, 252, 272, 292, 312, 332, 352, 372, 392),DONE))
(60,(Set(40, 80, 59),45,Set(1, 21, 41, 61, 81, 101, 121, 141, 161, 181, 201, 221, 241, 261, 262, 263, 264, 244, 224, 204, 184, 164, 144, 124, 104, 84, 64, 44, 24, 25, 26, 27, 28, 29, 30, 31, 32, 33, 34, 35, 36, 37, 38, 39, 40, 60),DONE))
(44,(Set(45, 64, 24, 43),27,Set(1, 21, 41, 61, 81, 101, 121, 141, 161, 181, 201, 221, 241, 261, 262, 263, 264, 244, 224, 204, 184, 164, 144, 124, 104, 84, 64, 44),DONE))
(136,(Set(135, 137, 156, 116),45,Set(1, 21, 41, 61, 81, 101, 121, 141, 161, 181, 201, 221, 241, 261, 262, 263, 264, 244, 224, 204, 184, 164, 144, 124, 104, 84, 64, 44, 24, 25, 26, 27, 28, 29, 30, 31, 32, 33, 34, 35, 36, 56, 76, 96, 116, 136),DONE))
(372,(Set(371, 373, 392, 352),53,Set(1, 21, 41, 61, 81, 101, 121, 141, 161, 181, 201, 221, 241, 261, 262, 263, 264, 244, 224, 204, 184, 164, 144, 124, 104, 84, 64, 44, 24, 25, 26, 27, 28, 29, 30, 31, 32, 52, 72, 92, 112, 132, 152, 172, 192, 212, 232, 252, 272, 292, 312, 332, 352, 372),DONE))
(176,(Set(177, 156, 196, 175),47,Set(1, 21, 41, 61, 81, 101, 121, 141, 161, 181, 201, 221, 241, 261, 262, 263, 264, 244, 224, 204, 184, 164, 144, 124, 104, 84, 64, 44, 24, 25, 26, 27, 28, 29, 30, 31, 32, 33, 34, 35, 36, 56, 76, 96, 116, 136, 156, 176),DONE))
(244,(Set(245, 224, 264, 243),17,Set(1, 21, 41, 61, 81, 101, 121, 141, 161, 181, 201, 221, 241, 261, 262, 263, 264, 244),DONE))
(196,(Set(197, 216, 176, 195),48,Set(1, 21, 41, 61, 81, 101, 121, 141, 161, 181, 201, 221, 241, 261, 262, 263, 264, 244, 224, 204, 184, 164, 144, 124, 104, 84, 64, 44, 24, 25, 26, 27, 28, 29, 30, 31, 32, 33, 34, 35, 36, 56, 76, 96, 116, 136, 156, 176, 196),DONE))
(384,(Set(383, 385, 364),22,Set(1, 21, 41, 61, 81, 101, 121, 141, 161, 181, 201, 221, 241, 261, 262, 263, 264, 284, 304, 324, 344, 364, 384),DONE))
(356,(Set(357, 336, 376, 355),56,Set(1, 21, 41, 61, 81, 101, 121, 141, 161, 181, 201, 221, 241, 261, 262, 263, 264, 244, 224, 204, 184, 164, 144, 124, 104, 84, 64, 44, 24, 25, 26, 27, 28, 29, 30, 31, 32, 33, 34, 35, 36, 56, 76, 96, 116, 136, 156, 176, 196, 216, 236, 256, 276, 296, 316, 336, 356),DONE))
