(398,(Set(397, 399),60,Set(1, 21, 41, 61, 81, 101, 121, 141, 161, 181, 201, 221, 241, 261, 262, 263, 264, 244, 224, 204, 184, 164, 144, 124, 104, 84, 64, 44, 24, 25, 26, 27, 28, 29, 30, 31, 32, 33, 34, 35, 36, 56, 76, 96, 116, 136, 156, 176, 196, 216, 236, 256, 276, 296, 316, 336, 356, 376, 396, 397, 398),DONE))
(386,(Set(387, 366, 385),24,Set(1, 21, 41, 61, 81, 101, 121, 141, 161, 181, 201, 221, 241, 261, 262, 263, 264, 284, 304, 324, 344, 364, 384, 385, 386),DONE))
(254,(Set(255, 234, 274, 253),49,Set(1, 21, 41, 61, 81, 101, 121, 141, 161, 181, 201, 221, 241, 261, 262, 263, 264, 244, 224, 204, 184, 164, 144, 124, 104, 84, 64, 44, 24, 25, 26, 27, 28, 29, 30, 31, 32, 52, 72, 92, 112, 132, 152, 172, 192, 212, 232, 252, 253, 254),DONE))
(34,(Set(33, 35, 54, 14),38,Set(1, 21, 41, 61, 81, 101, 121, 141, 161, 181, 201, 221, 241, 261, 262, 263, 264, 244, 224, 204, 184, 164, 144, 124, 104, 84, 64, 44, 24, 25, 26, 27, 28, 29, 30, 31, 32, 33, 34),DONE))
(230,(Set(231, 210, 250, 229),44,Set(1, 21, 41, 61, 81, 101, 121, 141, 161, 181, 201, 221, 241, 261, 262, 263, 264, 244, 224, 204, 184, 164, 144, 124, 104, 84, 64, 44, 24, 25, 26, 27, 28, 29, 49, 69, 89, 109, 129, 149, 169, 189, 209, 229, 230),DONE))
(338,(Set(339, 318, 337),57,Set(1, 21, 41, 61, 81, 101, 121, 141, 161, 181, 201, 221, 241, 261, 262, 263, 264, 244, 224, 204, 184, 164, 144, 124, 104, 84, 64, 44, 24, 25, 26, 27, 28, 29, 30, 31, 32, 33, 34, 35, 36, 56, 76, 96, 116, 136, 156, 176, 196, 216, 236, 256, 276, 296, 316, 336, 337, 338),DONE))
(150,(Set(151, 170, 130, 149),40,Set(1, 21, 41, 61, 81, 101, 121, 141, 161, 181, 201, 221, 241, 261, 262, 263, 264, 244, 224, 204, 184, 164, 144, 124, 104, 84, 64, 44, 24, 25, 26, 27, 28, 29, 49, 69, 89, 109, 129, 149, 150),DONE))
(134,(Set(135, 114, 154, 133),43,Set(1, 21, 41, 61, 81, 101, 121, 141, 161, 181, 201, 221, 241, 261, 262, 263, 264, 244, 224, 204, 184, 164, 144, 124, 104, 84, 64, 44, 24, 25, 26, 27, 28, 29, 30, 31, 32, 52, 72, 92, 112, 132, 133, 134),DONE))
(130,(Set(150, 129, 131, 110),39,Set(1, 21, 41, 61, 81, 101, 121, 141, 161, 181, 201, 221, 241, 261, 262, 263, 264, 244, 224, 204, 184, 164, 144, 124, 104, 84, 64, 44, 24, 25, 26, 27, 28, 29, 49, 69, 89, 109, 129, 130),DONE))
(298,(Set(299, 318, 278, 297),55,Set(1, 21, 41, 61, 81, 101, 121, 141, 161, 181, 201, 221, 241, 261, 262, 263, 264, 244, 224, 204, 184, 164, 144, 124, 104, 84, 64, 44, 24, 25, 26, 27, 28, 29, 30, 31, 32, 33, 34, 35, 36, 56, 76, 96, 116, 136, 156, 176, 196, 216, 236, 256, 276, 296, 297, 298),DONE))
(158,(Set(157, 159, 138, 178),48,Set(1, 21, 41, 61, 81, 101, 121, 141, 161, 181, 201, 221, 241, 261, 262, 263, 264, 244, 224, 204, 184, 164, 144, 124, 104, 84, 64, 44, 24, 25, 26, 27, 28, 29, 30, 31, 32, 33, 34, 35, 36, 56, 76, 96, 116, 136, 156, 157, 158),DONE))
(66,(Set(67, 46, 86, 65),28,Set(1, 21, 41, 61, 81, 101, 121, 141, 161, 181, 201, 221, 241, 261, 262, 263, 264, 244, 224, 204, 184, 164, 144, 124, 104, 84, 64, 65, 66),DONE))
(54,(Set(34, 74, 53, 55),39,Set(1, 21, 41, 61, 81, 101, 121, 141, 161, 181, 201, 221, 241, 261, 262, 263, 264, 244, 224, 204, 184, 164, 144, 124, 104, 84, 64, 44, 24, 25, 26, 27, 28, 29, 30, 31, 32, 52, 53, 54),DONE))
(354,(Set(374, 353, 355, 334),54,Set(1, 21, 41, 61, 81, 101, 121, 141, 161, 181, 201, 221, 241, 261, 262, 263, 264, 244, 224, 204, 184, 164, 144, 124, 104, 84, 64, 44, 24, 25, 26, 27, 28, 29, 30, 31, 32, 52, 72, 92, 112, 132, 152, 172, 192, 212, 232, 252, 272, 292, 312, 332, 352, 353, 354),DONE))
(98,(Set(99, 78, 118, 97),45,Set(1, 21, 41, 61, 81, 101, 121, 141, 161, 181, 201, 221, 241, 261, 262, 263, 264, 244, 224, 204, 184, 164, 144, 124, 104, 84, 64, 44, 24, 25, 26, 27, 28, 29, 30, 31, 32, 33, 34, 35, 36, 56, 76, 96, 97, 98),DONE))
(138,(Set(139, 118, 158, 137),47,Set(1, 21, 41, 61, 81, 101, 121, 141, 161, 181, 201, 221, 241, 261, 262, 263, 264, 244, 224, 204, 184, 164, 144, 124, 104, 84, 64, 44, 24, 25, 26, 27, 28, 29, 30, 31, 32, 33, 34, 35, 36, 56, 76, 96, 116, 136, 137, 138),DONE))
(170,(Set(171, 150, 190, 169),41,Set(1, 21, 41, 61, 81, 101, 121, 141, 161, 181, 201, 221, 241, 261, 262, 263, 264, 244, 224, 204, 184, 164, 144, 124, 104, 84, 64, 44, 24, 25, 26, 27, 28, 29, 49, 69, 89, 109, 129, 149, 169, 170),DONE))
(286,(Set(287, 266, 306, 285),19,Set(1, 21, 41, 61, 81, 101, 121, 141, 161, 181, 201, 221, 241, 261, 262, 263, 264, 284, 285, 286),DONE))
(30,(Set(31, 50, 10, 29),34,Set(1, 21, 41, 61, 81, 101, 121, 141, 161, 181, 201, 221, 241, 261, 262, 263, 264, 244, 224, 204, 184, 164, 144, 124, 104, 84, 64, 44, 24, 25, 26, 27, 28, 29, 30),DONE))
(14,(Set(15, 34, 13),39,Set(1, 21, 41, 61, 81, 101, 121, 141, 161, 181, 201, 221, 241, 261, 262, 263, 264, 244, 224, 204, 184, 164, 144, 124, 104, 84, 64, 44, 24, 25, 26, 27, 28, 29, 30, 31, 32, 12, 13, 14),DONE))
(50,(Set(51, 30, 70, 49),35,Set(1, 21, 41, 61, 81, 101, 121, 141, 161, 181, 201, 221, 241, 261, 262, 263, 264, 244, 224, 204, 184, 164, 144, 124, 104, 84, 64, 44, 24, 25, 26, 27, 28, 29, 49, 50),DONE))
(262,(Set(263, 261),14,Set(1, 21, 41, 61, 81, 101, 121, 141, 161, 181, 201, 221, 241, 261, 262),DONE))
(246,(Set(266, 245, 247, 226),19,Set(1, 21, 41, 61, 81, 101, 121, 141, 161, 181, 201, 221, 241, 261, 262, 263, 264, 244, 245, 246),DONE))
(266,(Set(267, 286, 246, 265),18,Set(1, 21, 41, 61, 81, 101, 121, 141, 161, 181, 201, 221, 241, 261, 262, 263, 264, 265, 266),DONE))
(110,(Set(111, 90, 130, 109),38,Set(1, 21, 41, 61, 81, 101, 121, 141, 161, 181, 201, 221, 241, 261, 262, 263, 264, 244, 224, 204, 184, 164, 144, 124, 104, 84, 64, 44, 24, 25, 26, 27, 28, 29, 49, 69, 89, 109, 110),DONE))
(294,(Set(274, 314, 293, 295),51,Set(1, 21, 41, 61, 81, 101, 121, 141, 161, 181, 201, 221, 241, 261, 262, 263, 264, 244, 224, 204, 184, 164, 144, 124, 104, 84, 64, 44, 24, 25, 26, 27, 28, 29, 30, 31, 32, 52, 72, 92, 112, 132, 152, 172, 192, 212, 232, 252, 272, 292, 293, 294),DONE))
(214,(Set(215, 234, 194, 213),47,Set(1, 21, 41, 61, 81, 101, 121, 141, 161, 181, 201, 221, 241, 261, 262, 263, 264, 244, 224, 204, 184, 164, 144, 124, 104, 84, 64, 44, 24, 25, 26, 27, 28, 29, 30, 31, 32, 52, 72, 92, 112, 132, 152, 172, 192, 212, 213, 214),DONE))
(146,(Set(147, 166, 126, 145),24,Set(1, 21, 41, 61, 81, 101, 121, 141, 161, 181, 201, 221, 241, 261, 262, 263, 264, 244, 224, 204, 184, 164, 144, 145, 146),DONE))
(270,(Set(269, 271, 290, 250),46,Set(1, 21, 41, 61, 81, 101, 121, 141, 161, 181, 201, 221, 241, 261, 262, 263, 264, 244, 224, 204, 184, 164, 144, 124, 104, 84, 64, 44, 24, 25, 26, 27, 28, 29, 49, 69, 89, 109, 129, 149, 169, 189, 209, 229, 249, 269, 270),DONE))
(154,(Set(153, 155, 174, 134),44,Set(1, 21, 41, 61, 81, 101, 121, 141, 161, 181, 201, 221, 241, 261, 262, 263, 264, 244, 224, 204, 184, 164, 144, 124, 104, 84, 64, 44, 24, 25, 26, 27, 28, 29, 30, 31, 32, 52, 72, 92, 112, 132, 152, 153, 154),DONE))
(106,(Set(107, 86, 126, 105),26,Set(1, 21, 41, 61, 81, 101, 121, 141, 161, 181, 201, 221, 241, 261, 262, 263, 264, 244, 224, 204, 184, 164, 144, 124, 104, 105, 106),DONE))
(278,(Set(277, 279, 258, 298),54,Set(1, 21, 41, 61, 81, 101, 121, 141, 161, 181, 201, 221, 241, 261, 262, 263, 264, 244, 224, 204, 184, 164, 144, 124, 104, 84, 64, 44, 24, 25, 26, 27, 28, 29, 30, 31, 32, 33, 34, 35, 36, 56, 76, 96, 116, 136, 156, 176, 196, 216, 236, 256, 276, 277, 278),DONE))
(74,(Set(75, 54, 94, 73),40,Set(1, 21, 41, 61, 81, 101, 121, 141, 161, 181, 201, 221, 241, 261, 262, 263, 264, 244, 224, 204, 184, 164, 144, 124, 104, 84, 64, 44, 24, 25, 26, 27, 28, 29, 30, 31, 32, 52, 72, 73, 74),DONE))
(226,(Set(227, 206, 246, 225),20,Set(1, 21, 41, 61, 81, 101, 121, 141, 161, 181, 201, 221, 241, 261, 262, 263, 264, 244, 224, 225, 226),DONE))
(90,(Set(70, 89, 91, 110),37,Set(1, 21, 41, 61, 81, 101, 121, 141, 161, 181, 201, 221, 241, 261, 262, 263, 264, 244, 224, 204, 184, 164, 144, 124, 104, 84, 64, 44, 24, 25, 26, 27, 28, 29, 49, 69, 89, 90),DONE))
(318,(Set(338, 317, 319, 298),56,Set(1, 21, 41, 61, 81, 101, 121, 141, 161, 181, 201, 221, 241, 261, 262, 263, 264, 244, 224, 204, 184, 164, 144, 124, 104, 84, 64, 44, 24, 25, 26, 27, 28, 29, 30, 31, 32, 33, 34, 35, 36, 56, 76, 96, 116, 136, 156, 176, 196, 216, 236, 256, 276, 296, 316, 317, 318),DONE))
(238,(Set(237, 239, 258, 218),52,Set(1, 21, 41, 61, 81, 101, 121, 141, 161, 181, 201, 221, 241, 261, 262, 263, 264, 244, 224, 204, 184, 164, 144, 124, 104, 84, 64, 44, 24, 25, 26, 27, 28, 29, 30, 31, 32, 33, 34, 35, 36, 56, 76, 96, 116, 136, 156, 176, 196, 216, 236, 237, 238),DONE))
(290,(Set(291, 270, 310, 289),47,Set(1, 21, 41, 61, 81, 101, 121, 141, 161, 181, 201, 221, 241, 261, 262, 263, 264, 244, 224, 204, 184, 164, 144, 124, 104, 84, 64, 44, 24, 25, 26, 27, 28, 29, 49, 69, 89, 109, 129, 149, 169, 189, 209, 229, 249, 269, 289, 290),DONE))
(70,(Set(71, 50, 90, 69),36,Set(1, 21, 41, 61, 81, 101, 121, 141, 161, 181, 201, 221, 241, 261, 262, 263, 264, 244, 224, 204, 184, 164, 144, 124, 104, 84, 64, 44, 24, 25, 26, 27, 28, 29, 49, 69, 70),DONE))
(18,(Set(19, 38, 17),43,Set(1, 21, 41, 61, 81, 101, 121, 141, 161, 181, 201, 221, 241, 261, 262, 263, 264, 244, 224, 204, 184, 164, 144, 124, 104, 84, 64, 44, 24, 25, 26, 27, 28, 29, 30, 31, 32, 33, 34, 35, 36, 16, 17, 18),DONE))
(38,(Set(37, 39, 18, 58),42,Set(1, 21, 41, 61, 81, 101, 121, 141, 161, 181, 201, 221, 241, 261, 262, 263, 264, 244, 224, 204, 184, 164, 144, 124, 104, 84, 64, 44, 24, 25, 26, 27, 28, 29, 30, 31, 32, 33, 34, 35, 36, 37, 38),DONE))
(346,(Set(347, 326, 366, 345),22,Set(1, 21, 41, 61, 81, 101, 121, 141, 161, 181, 201, 221, 241, 261, 262, 263, 264, 284, 304, 324, 344, 345, 346),DONE))
(78,(Set(79, 58, 98, 77),44,Set(1, 21, 41, 61, 81, 101, 121, 141, 161, 181, 201, 221, 241, 261, 262, 263, 264, 244, 224, 204, 184, 164, 144, 124, 104, 84, 64, 44, 24, 25, 26, 27, 28, 29, 30, 31, 32, 33, 34, 35, 36, 56, 76, 77, 78),DONE))
(218,(Set(219, 198, 238, 217),51,Set(1, 21, 41, 61, 81, 101, 121, 141, 161, 181, 201, 221, 241, 261, 262, 263, 264, 244, 224, 204, 184, 164, 144, 124, 104, 84, 64, 44, 24, 25, 26, 27, 28, 29, 30, 31, 32, 33, 34, 35, 36, 56, 76, 96, 116, 136, 156, 176, 196, 216, 217, 218),DONE))
(274,(Set(273, 275, 294, 254),50,Set(1, 21, 41, 61, 81, 101, 121, 141, 161, 181, 201, 221, 241, 261, 262, 263, 264, 244, 224, 204, 184, 164, 144, 124, 104, 84, 64, 44, 24, 25, 26, 27, 28, 29, 30, 31, 32, 52, 72, 92, 112, 132, 152, 172, 192, 212, 232, 252, 272, 273, 274),DONE))
(178,(Set(179, 198, 158, 177),49,Set(1, 21, 41, 61, 81, 101, 121, 141, 161, 181, 201, 221, 241, 261, 262, 263, 264, 244, 224, 204, 184, 164, 144, 124, 104, 84, 64, 44, 24, 25, 26, 27, 28, 29, 30, 31, 32, 33, 34, 35, 36, 56, 76, 96, 116, 136, 156, 176, 177, 178),DONE))
(10,(Set(30, 9, 11),35,Set(1, 21, 41, 61, 81, 101, 121, 141, 161, 181, 201, 221, 241, 261, 262, 263, 264, 244, 224, 204, 184, 164, 144, 124, 104, 84, 64, 44, 24, 25, 26, 27, 28, 29, 9, 10),DONE))
(94,(Set(114, 74, 93, 95),41,Set(1, 21, 41, 61, 81, 101, 121, 141, 161, 181, 201, 221, 241, 261, 262, 263, 264, 244, 224, 204, 184, 164, 144, 124, 104, 84, 64, 44, 24, 25, 26, 27, 28, 29, 30, 31, 32, 52, 72, 92, 93, 94),DONE))
(330,(Set(350, 310, 329, 331),49,Set(1, 21, 41, 61, 81, 101, 121, 141, 161, 181, 201, 221, 241, 261, 262, 263, 264, 244, 224, 204, 184, 164, 144, 124, 104, 84, 64, 44, 24, 25, 26, 27, 28, 29, 49, 69, 89, 109, 129, 149, 169, 189, 209, 229, 249, 269, 289, 309, 329, 330),DONE))
(334,(Set(335, 354, 314, 333),53,Set(1, 21, 41, 61, 81, 101, 121, 141, 161, 181, 201, 221, 241, 261, 262, 263, 264, 244, 224, 204, 184, 164, 144, 124, 104, 84, 64, 44, 24, 25, 26, 27, 28, 29, 30, 31, 32, 52, 72, 92, 112, 132, 152, 172, 192, 212, 232, 252, 272, 292, 312, 332, 333, 334),DONE))
(390,(Set(389, 391, 370),52,Set(1, 21, 41, 61, 81, 101, 121, 141, 161, 181, 201, 221, 241, 261, 262, 263, 264, 244, 224, 204, 184, 164, 144, 124, 104, 84, 64, 44, 24, 25, 26, 27, 28, 29, 49, 69, 89, 109, 129, 149, 169, 189, 209, 229, 249, 269, 289, 309, 329, 349, 369, 389, 390),DONE))
(326,(Set(306, 325, 327, 346),21,Set(1, 21, 41, 61, 81, 101, 121, 141, 161, 181, 201, 221, 241, 261, 262, 263, 264, 284, 304, 324, 325, 326),DONE))
(366,(Set(386, 365, 367, 346),23,Set(1, 21, 41, 61, 81, 101, 121, 141, 161, 181, 201, 221, 241, 261, 262, 263, 264, 284, 304, 324, 344, 364, 365, 366),DONE))
(374,(Set(375, 354, 394, 373),55,Set(1, 21, 41, 61, 81, 101, 121, 141, 161, 181, 201, 221, 241, 261, 262, 263, 264, 244, 224, 204, 184, 164, 144, 124, 104, 84, 64, 44, 24, 25, 26, 27, 28, 29, 30, 31, 32, 52, 72, 92, 112, 132, 152, 172, 192, 212, 232, 252, 272, 292, 312, 332, 352, 372, 373, 374),DONE))
(310,(Set(311, 290, 330, 309),48,Set(1, 21, 41, 61, 81, 101, 121, 141, 161, 181, 201, 221, 241, 261, 262, 263, 264, 244, 224, 204, 184, 164, 144, 124, 104, 84, 64, 44, 24, 25, 26, 27, 28, 29, 49, 69, 89, 109, 129, 149, 169, 189, 209, 229, 249, 269, 289, 309, 310),DONE))
(370,(Set(371, 350, 390, 369),51,Set(1, 21, 41, 61, 81, 101, 121, 141, 161, 181, 201, 221, 241, 261, 262, 263, 264, 244, 224, 204, 184, 164, 144, 124, 104, 84, 64, 44, 24, 25, 26, 27, 28, 29, 49, 69, 89, 109, 129, 149, 169, 189, 209, 229, 249, 269, 289, 309, 329, 349, 369, 370),DONE))
(166,(Set(186, 165, 167, 146),23,Set(1, 21, 41, 61, 81, 101, 121, 141, 161, 181, 201, 221, 241, 261, 262, 263, 264, 244, 224, 204, 184, 164, 165, 166),DONE))
(46,(Set(66, 45, 47, 26),29,Set(1, 21, 41, 61, 81, 101, 121, 141, 161, 181, 201, 221, 241, 261, 262, 263, 264, 244, 224, 204, 184, 164, 144, 124, 104, 84, 64, 44, 45, 46),DONE))
(394,(Set(374, 393, 395),56,Set(1, 21, 41, 61, 81, 101, 121, 141, 161, 181, 201, 221, 241, 261, 262, 263, 264, 244, 224, 204, 184, 164, 144, 124, 104, 84, 64, 44, 24, 25, 26, 27, 28, 29, 30, 31, 32, 52, 72, 92, 112, 132, 152, 172, 192, 212, 232, 252, 272, 292, 312, 332, 352, 372, 392, 393, 394),DONE))
(350,(Set(351, 330, 370, 349),50,Set(1, 21, 41, 61, 81, 101, 121, 141, 161, 181, 201, 221, 241, 261, 262, 263, 264, 244, 224, 204, 184, 164, 144, 124, 104, 84, 64, 44, 24, 25, 26, 27, 28, 29, 49, 69, 89, 109, 129, 149, 169, 189, 209, 229, 249, 269, 289, 309, 329, 349, 350),DONE))
(194,(Set(195, 174, 214, 193),46,Set(1, 21, 41, 61, 81, 101, 121, 141, 161, 181, 201, 221, 241, 261, 262, 263, 264, 244, 224, 204, 184, 164, 144, 124, 104, 84, 64, 44, 24, 25, 26, 27, 28, 29, 30, 31, 32, 52, 72, 92, 112, 132, 152, 172, 192, 193, 194),DONE))
(210,(Set(230, 190, 209, 211),43,Set(1, 21, 41, 61, 81, 101, 121, 141, 161, 181, 201, 221, 241, 261, 262, 263, 264, 244, 224, 204, 184, 164, 144, 124, 104, 84, 64, 44, 24, 25, 26, 27, 28, 29, 49, 69, 89, 109, 129, 149, 169, 189, 209, 210),DONE))
(250,(Set(251, 230, 270, 249),45,Set(1, 21, 41, 61, 81, 101, 121, 141, 161, 181, 201, 221, 241, 261, 262, 263, 264, 244, 224, 204, 184, 164, 144, 124, 104, 84, 64, 44, 24, 25, 26, 27, 28, 29, 49, 69, 89, 109, 129, 149, 169, 189, 209, 229, 249, 250),DONE))
(126,(Set(125, 127, 106, 146),25,Set(1, 21, 41, 61, 81, 101, 121, 141, 161, 181, 201, 221, 241, 261, 262, 263, 264, 244, 224, 204, 184, 164, 144, 124, 125, 126),DONE))
(314,(Set(315, 294, 334, 313),52,Set(1, 21, 41, 61, 81, 101, 121, 141, 161, 181, 201, 221, 241, 261, 262, 263, 264, 244, 224, 204, 184, 164, 144, 124, 104, 84, 64, 44, 24, 25, 26, 27, 28, 29, 30, 31, 32, 52, 72, 92, 112, 132, 152, 172, 192, 212, 232, 252, 272, 292, 312, 313, 314),DONE))
(258,(Set(259, 238, 278, 257),53,Set(1, 21, 41, 61, 81, 101, 121, 141, 161, 181, 201, 221, 241, 261, 262, 263, 264, 244, 224, 204, 184, 164, 144, 124, 104, 84, 64, 44, 24, 25, 26, 27, 28, 29, 30, 31, 32, 33, 34, 35, 36, 56, 76, 96, 116, 136, 156, 176, 196, 216, 236, 256, 257, 258),DONE))
(118,(Set(117, 119, 138, 98),46,Set(1, 21, 41, 61, 81, 101, 121, 141, 161, 181, 201, 221, 241, 261, 262, 263, 264, 244, 224, 204, 184, 164, 144, 124, 104, 84, 64, 44, 24, 25, 26, 27, 28, 29, 30, 31, 32, 33, 34, 35, 36, 56, 76, 96, 116, 117, 118),DONE))
(206,(Set(186, 205, 207, 226),21,Set(1, 21, 41, 61, 81, 101, 121, 141, 161, 181, 201, 221, 241, 261, 262, 263, 264, 244, 224, 204, 205, 206),DONE))
(186,(Set(187, 166, 206, 185),22,Set(1, 21, 41, 61, 81, 101, 121, 141, 161, 181, 201, 221, 241, 261, 262, 263, 264, 244, 224, 204, 184, 185, 186),DONE))
(6,(Set(5, 7, 26),31,Set(1, 21, 41, 61, 81, 101, 121, 141, 161, 181, 201, 221, 241, 261, 262, 263, 264, 244, 224, 204, 184, 164, 144, 124, 104, 84, 64, 44, 24, 4, 5, 6),DONE))
(190,(Set(191, 170, 210, 189),42,Set(1, 21, 41, 61, 81, 101, 121, 141, 161, 181, 201, 221, 241, 261, 262, 263, 264, 244, 224, 204, 184, 164, 144, 124, 104, 84, 64, 44, 24, 25, 26, 27, 28, 29, 49, 69, 89, 109, 129, 149, 169, 189, 190),DONE))
(86,(Set(66, 85, 87, 106),27,Set(1, 21, 41, 61, 81, 101, 121, 141, 161, 181, 201, 221, 241, 261, 262, 263, 264, 244, 224, 204, 184, 164, 144, 124, 104, 84, 85, 86),DONE))
(58,(Set(78, 38, 57, 59),43,Set(1, 21, 41, 61, 81, 101, 121, 141, 161, 181, 201, 221, 241, 261, 262, 263, 264, 244, 224, 204, 184, 164, 144, 124, 104, 84, 64, 44, 24, 25, 26, 27, 28, 29, 30, 31, 32, 33, 34, 35, 36, 56, 57, 58),DONE))
(114,(Set(115, 94, 134, 113),42,Set(1, 21, 41, 61, 81, 101, 121, 141, 161, 181, 201, 221, 241, 261, 262, 263, 264, 244, 224, 204, 184, 164, 144, 124, 104, 84, 64, 44, 24, 25, 26, 27, 28, 29, 30, 31, 32, 52, 72, 92, 112, 113, 114),DONE))
(198,(Set(197, 199, 178, 218),50,Set(1, 21, 41, 61, 81, 101, 121, 141, 161, 181, 201, 221, 241, 261, 262, 263, 264, 244, 224, 204, 184, 164, 144, 124, 104, 84, 64, 44, 24, 25, 26, 27, 28, 29, 30, 31, 32, 33, 34, 35, 36, 56, 76, 96, 116, 136, 156, 176, 196, 197, 198),DONE))
(174,(Set(154, 194, 173, 175),45,Set(1, 21, 41, 61, 81, 101, 121, 141, 161, 181, 201, 221, 241, 261, 262, 263, 264, 244, 224, 204, 184, 164, 144, 124, 104, 84, 64, 44, 24, 25, 26, 27, 28, 29, 30, 31, 32, 52, 72, 92, 112, 132, 152, 172, 173, 174),DONE))
(306,(Set(305, 307, 286, 326),20,Set(1, 21, 41, 61, 81, 101, 121, 141, 161, 181, 201, 221, 241, 261, 262, 263, 264, 284, 304, 305, 306),DONE))
(234,(Set(233, 235, 214, 254),48,Set(1, 21, 41, 61, 81, 101, 121, 141, 161, 181, 201, 221, 241, 261, 262, 263, 264, 244, 224, 204, 184, 164, 144, 124, 104, 84, 64, 44, 24, 25, 26, 27, 28, 29, 30, 31, 32, 52, 72, 92, 112, 132, 152, 172, 192, 212, 232, 233, 234),DONE))
(26,(Set(27, 46, 6, 25),30,Set(1, 21, 41, 61, 81, 101, 121, 141, 161, 181, 201, 221, 241, 261, 262, 263, 264, 244, 224, 204, 184, 164, 144, 124, 104, 84, 64, 44, 24, 25, 26),DONE))
