(147,(Set(127, 167, 146),25,Set(1, 21, 41, 61, 81, 101, 121, 141, 161, 181, 201, 221, 241, 261, 262, 263, 264, 244, 224, 204, 184, 164, 144, 145, 146),DONE))
(19,(Set(20, 39, 18),44,Set(1, 21, 41, 61, 81, 101, 121, 141, 161, 181, 201, 221, 241, 261, 262, 263, 264, 244, 224, 204, 184, 164, 144, 124, 104, 84, 64, 44, 24, 25, 26, 27, 28, 29, 30, 31, 32, 33, 34, 35, 36, 16, 17, 18),DONE))
(39,(Set(19, 38, 40, 59),43,Set(1, 21, 41, 61, 81, 101, 121, 141, 161, 181, 201, 221, 241, 261, 262, 263, 264, 244, 224, 204, 184, 164, 144, 124, 104, 84, 64, 44, 24, 25, 26, 27, 28, 29, 30, 31, 32, 33, 34, 35, 36, 37, 38),DONE))
(151,(Set(171, 150, 152, 131),41,Set(1, 21, 41, 61, 81, 101, 121, 141, 161, 181, 201, 221, 241, 261, 262, 263, 264, 244, 224, 204, 184, 164, 144, 124, 104, 84, 64, 44, 24, 25, 26, 27, 28, 29, 49, 69, 89, 109, 129, 149, 150),DONE))
(267,(Set(287, 266, 247),19,Set(1, 21, 41, 61, 81, 101, 121, 141, 161, 181, 201, 221, 241, 261, 262, 263, 264, 265, 266),DONE))
(327,(Set(307, 347, 326),22,Set(1, 21, 41, 61, 81, 101, 121, 141, 161, 181, 201, 221, 241, 261, 262, 263, 264, 284, 304, 324, 325, 326),DONE))
(71,(Set(51, 70, 72, 91),37,Set(1, 21, 41, 61, 81, 101, 121, 141, 161, 181, 201, 221, 241, 261, 262, 263, 264, 244, 224, 204, 184, 164, 144, 124, 104, 84, 64, 44, 24, 25, 26, 27, 28, 29, 49, 69, 70),DONE))
(319,(Set(320, 299, 339, 318),57,Set(1, 21, 41, 61, 81, 101, 121, 141, 161, 181, 201, 221, 241, 261, 262, 263, 264, 244, 224, 204, 184, 164, 144, 124, 104, 84, 64, 44, 24, 25, 26, 27, 28, 29, 30, 31, 32, 33, 34, 35, 36, 56, 76, 96, 116, 136, 156, 176, 196, 216, 236, 256, 276, 296, 316, 317, 318),DONE))
(307,(Set(287, 306, 327),21,Set(1, 21, 41, 61, 81, 101, 121, 141, 161, 181, 201, 221, 241, 261, 262, 263, 264, 284, 304, 305, 306),DONE))
(171,(Set(172, 151, 191, 170),42,Set(1, 21, 41, 61, 81, 101, 121, 141, 161, 181, 201, 221, 241, 261, 262, 263, 264, 244, 224, 204, 184, 164, 144, 124, 104, 84, 64, 44, 24, 25, 26, 27, 28, 29, 49, 69, 89, 109, 129, 149, 169, 170),DONE))
(311,(Set(291, 310, 312, 331),49,Set(1, 21, 41, 61, 81, 101, 121, 141, 161, 181, 201, 221, 241, 261, 262, 263, 264, 244, 224, 204, 184, 164, 144, 124, 104, 84, 64, 44, 24, 25, 26, 27, 28, 29, 49, 69, 89, 109, 129, 149, 169, 189, 209, 229, 249, 269, 289, 309, 310),DONE))
(11,(Set(12, 31, 10),36,Set(1, 21, 41, 61, 81, 101, 121, 141, 161, 181, 201, 221, 241, 261, 262, 263, 264, 244, 224, 204, 184, 164, 144, 124, 104, 84, 64, 44, 24, 25, 26, 27, 28, 29, 9, 10),DONE))
(35,(Set(15, 34, 36, 55),39,Set(1, 21, 41, 61, 81, 101, 121, 141, 161, 181, 201, 221, 241, 261, 262, 263, 264, 244, 224, 204, 184, 164, 144, 124, 104, 84, 64, 44, 24, 25, 26, 27, 28, 29, 30, 31, 32, 33, 34),DONE))
(235,(Set(215, 255, 234, 236),49,Set(1, 21, 41, 61, 81, 101, 121, 141, 161, 181, 201, 221, 241, 261, 262, 263, 264, 244, 224, 204, 184, 164, 144, 124, 104, 84, 64, 44, 24, 25, 26, 27, 28, 29, 30, 31, 32, 52, 72, 92, 112, 132, 152, 172, 192, 212, 232, 233, 234),DONE))
(383,(Set(384, 363),21,Set(1, 21, 41, 61, 81, 101, 121, 141, 161, 181, 201, 221, 241, 261, 262, 263, 283, 303, 323, 343, 363),DONE))
(111,(Set(112, 91, 131, 110),39,Set(1, 21, 41, 61, 81, 101, 121, 141, 161, 181, 201, 221, 241, 261, 262, 263, 264, 244, 224, 204, 184, 164, 144, 124, 104, 84, 64, 44, 24, 25, 26, 27, 28, 29, 49, 69, 89, 109, 110),DONE))
(399,(Set(379, 398, 400),61,Set(1, 21, 41, 61, 81, 101, 121, 141, 161, 181, 201, 221, 241, 261, 262, 263, 264, 244, 224, 204, 184, 164, 144, 124, 104, 84, 64, 44, 24, 25, 26, 27, 28, 29, 30, 31, 32, 33, 34, 35, 36, 56, 76, 96, 116, 136, 156, 176, 196, 216, 236, 256, 276, 296, 316, 336, 356, 376, 396, 397, 398),DONE))
(175,(Set(176, 155, 195, 174),46,Set(1, 21, 41, 61, 81, 101, 121, 141, 161, 181, 201, 221, 241, 261, 262, 263, 264, 244, 224, 204, 184, 164, 144, 124, 104, 84, 64, 44, 24, 25, 26, 27, 28, 29, 30, 31, 32, 52, 72, 92, 112, 132, 152, 172, 173, 174),DONE))
(303,(Set(304, 323, 283),17,Set(1, 21, 41, 61, 81, 101, 121, 141, 161, 181, 201, 221, 241, 261, 262, 263, 283),DONE))
(195,(Set(215, 194, 196, 175),47,Set(1, 21, 41, 61, 81, 101, 121, 141, 161, 181, 201, 221, 241, 261, 262, 263, 264, 244, 224, 204, 184, 164, 144, 124, 104, 84, 64, 44, 24, 25, 26, 27, 28, 29, 30, 31, 32, 52, 72, 92, 112, 132, 152, 172, 192, 193, 194),DONE))
(215,(Set(216, 235, 195, 214),48,Set(1, 21, 41, 61, 81, 101, 121, 141, 161, 181, 201, 221, 241, 261, 262, 263, 264, 244, 224, 204, 184, 164, 144, 124, 104, 84, 64, 44, 24, 25, 26, 27, 28, 29, 30, 31, 32, 52, 72, 92, 112, 132, 152, 172, 192, 212, 213, 214),DONE))
(247,(Set(267, 227, 246),20,Set(1, 21, 41, 61, 81, 101, 121, 141, 161, 181, 201, 221, 241, 261, 262, 263, 264, 244, 245, 246),DONE))
(63,(Set(64, 83, 43),25,Set(1, 21, 41, 61, 81, 101, 121, 141, 161, 181, 201, 221, 241, 261, 262, 263, 243, 223, 203, 183, 163, 143, 123, 103, 83),DONE))
(279,(Set(299, 259, 278, 280),55,Set(1, 21, 41, 61, 81, 101, 121, 141, 161, 181, 201, 221, 241, 261, 262, 263, 264, 244, 224, 204, 184, 164, 144, 124, 104, 84, 64, 44, 24, 25, 26, 27, 28, 29, 30, 31, 32, 33, 34, 35, 36, 56, 76, 96, 116, 136, 156, 176, 196, 216, 236, 256, 276, 277, 278),DONE))
(291,(Set(292, 271, 311, 290),48,Set(1, 21, 41, 61, 81, 101, 121, 141, 161, 181, 201, 221, 241, 261, 262, 263, 264, 244, 224, 204, 184, 164, 144, 124, 104, 84, 64, 44, 24, 25, 26, 27, 28, 29, 49, 69, 89, 109, 129, 149, 169, 189, 209, 229, 249, 269, 289, 290),DONE))
(203,(Set(204, 183, 223),18,Set(1, 21, 41, 61, 81, 101, 121, 141, 161, 181, 201, 221, 241, 261, 262, 263, 243, 223),DONE))
(103,(Set(104, 83, 123),23,Set(1, 21, 41, 61, 81, 101, 121, 141, 161, 181, 201, 221, 241, 261, 262, 263, 243, 223, 203, 183, 163, 143, 123),DONE))
(211,(Set(212, 191, 231, 210),44,Set(1, 21, 41, 61, 81, 101, 121, 141, 161, 181, 201, 221, 241, 261, 262, 263, 264, 244, 224, 204, 184, 164, 144, 124, 104, 84, 64, 44, 24, 25, 26, 27, 28, 29, 49, 69, 89, 109, 129, 149, 169, 189, 209, 210),DONE))
(339,(Set(338, 340, 319),58,Set(1, 21, 41, 61, 81, 101, 121, 141, 161, 181, 201, 221, 241, 261, 262, 263, 264, 244, 224, 204, 184, 164, 144, 124, 104, 84, 64, 44, 24, 25, 26, 27, 28, 29, 30, 31, 32, 33, 34, 35, 36, 56, 76, 96, 116, 136, 156, 176, 196, 216, 236, 256, 276, 296, 316, 336, 337, 338),DONE))
(199,(Set(179, 219, 198, 200),51,Set(1, 21, 41, 61, 81, 101, 121, 141, 161, 181, 201, 221, 241, 261, 262, 263, 264, 244, 224, 204, 184, 164, 144, 124, 104, 84, 64, 44, 24, 25, 26, 27, 28, 29, 30, 31, 32, 33, 34, 35, 36, 56, 76, 96, 116, 136, 156, 176, 196, 197, 198),DONE))
(99,(Set(100, 119, 79, 98),46,Set(1, 21, 41, 61, 81, 101, 121, 141, 161, 181, 201, 221, 241, 261, 262, 263, 264, 244, 224, 204, 184, 164, 144, 124, 104, 84, 64, 44, 24, 25, 26, 27, 28, 29, 30, 31, 32, 33, 34, 35, 36, 56, 76, 96, 97, 98),DONE))
(299,(Set(300, 279, 319, 298),56,Set(1, 21, 41, 61, 81, 101, 121, 141, 161, 181, 201, 221, 241, 261, 262, 263, 264, 244, 224, 204, 184, 164, 144, 124, 104, 84, 64, 44, 24, 25, 26, 27, 28, 29, 30, 31, 32, 33, 34, 35, 36, 56, 76, 96, 116, 136, 156, 176, 196, 216, 236, 256, 276, 296, 297, 298),DONE))
(139,(Set(140, 119, 159, 138),48,Set(1, 21, 41, 61, 81, 101, 121, 141, 161, 181, 201, 221, 241, 261, 262, 263, 264, 244, 224, 204, 184, 164, 144, 124, 104, 84, 64, 44, 24, 25, 26, 27, 28, 29, 30, 31, 32, 33, 34, 35, 36, 56, 76, 96, 116, 136, 137, 138),DONE))
(331,(Set(332, 311, 351, 330),50,Set(1, 21, 41, 61, 81, 101, 121, 141, 161, 181, 201, 221, 241, 261, 262, 263, 264, 244, 224, 204, 184, 164, 144, 124, 104, 84, 64, 44, 24, 25, 26, 27, 28, 29, 49, 69, 89, 109, 129, 149, 169, 189, 209, 229, 249, 269, 289, 309, 329, 330),DONE))
(367,(Set(387, 347, 366),24,Set(1, 21, 41, 61, 81, 101, 121, 141, 161, 181, 201, 221, 241, 261, 262, 263, 264, 284, 304, 324, 344, 364, 365, 366),DONE))
(355,(Set(356, 335, 375, 354),55,Set(1, 21, 41, 61, 81, 101, 121, 141, 161, 181, 201, 221, 241, 261, 262, 263, 264, 244, 224, 204, 184, 164, 144, 124, 104, 84, 64, 44, 24, 25, 26, 27, 28, 29, 30, 31, 32, 52, 72, 92, 112, 132, 152, 172, 192, 212, 232, 252, 272, 292, 312, 332, 352, 353, 354),DONE))
(395,(Set(375, 394, 396),57,Set(1, 21, 41, 61, 81, 101, 121, 141, 161, 181, 201, 221, 241, 261, 262, 263, 264, 244, 224, 204, 184, 164, 144, 124, 104, 84, 64, 44, 24, 25, 26, 27, 28, 29, 30, 31, 32, 52, 72, 92, 112, 132, 152, 172, 192, 212, 232, 252, 272, 292, 312, 332, 352, 372, 392, 393, 394),DONE))
(283,(Set(284, 263, 303),16,Set(1, 21, 41, 61, 81, 101, 121, 141, 161, 181, 201, 221, 241, 261, 262, 263),DONE))
(131,(Set(132, 151, 111, 130),40,Set(1, 21, 41, 61, 81, 101, 121, 141, 161, 181, 201, 221, 241, 261, 262, 263, 264, 244, 224, 204, 184, 164, 144, 124, 104, 84, 64, 44, 24, 25, 26, 27, 28, 29, 49, 69, 89, 109, 129, 130),DONE))
(59,(Set(60, 39, 79, 58),44,Set(1, 21, 41, 61, 81, 101, 121, 141, 161, 181, 201, 221, 241, 261, 262, 263, 264, 244, 224, 204, 184, 164, 144, 124, 104, 84, 64, 44, 24, 25, 26, 27, 28, 29, 30, 31, 32, 33, 34, 35, 36, 56, 57, 58),DONE))
(343,(Set(344, 323, 363),19,Set(1, 21, 41, 61, 81, 101, 121, 141, 161, 181, 201, 221, 241, 261, 262, 263, 283, 303, 323),DONE))
(255,(Set(256, 235, 275, 254),50,Set(1, 21, 41, 61, 81, 101, 121, 141, 161, 181, 201, 221, 241, 261, 262, 263, 264, 244, 224, 204, 184, 164, 144, 124, 104, 84, 64, 44, 24, 25, 26, 27, 28, 29, 30, 31, 32, 52, 72, 92, 112, 132, 152, 172, 192, 212, 232, 252, 253, 254),DONE))
(347,(Set(327, 367, 346),23,Set(1, 21, 41, 61, 81, 101, 121, 141, 161, 181, 201, 221, 241, 261, 262, 263, 264, 284, 304, 324, 344, 345, 346),DONE))
(23,(Set(24, 3, 43),27,Set(1, 21, 41, 61, 81, 101, 121, 141, 161, 181, 201, 221, 241, 261, 262, 263, 243, 223, 203, 183, 163, 143, 123, 103, 83, 63, 43),DONE))
(67,(Set(66, 87, 47),29,Set(1, 21, 41, 61, 81, 101, 121, 141, 161, 181, 201, 221, 241, 261, 262, 263, 264, 244, 224, 204, 184, 164, 144, 124, 104, 84, 64, 65, 66),DONE))
(3,(Set(4, 23),28,Set(1, 21, 41, 61, 81, 101, 121, 141, 161, 181, 201, 221, 241, 261, 262, 263, 243, 223, 203, 183, 163, 143, 123, 103, 83, 63, 43, 23),DONE))
(135,(Set(136, 115, 155, 134),44,Set(1, 21, 41, 61, 81, 101, 121, 141, 161, 181, 201, 221, 241, 261, 262, 263, 264, 244, 224, 204, 184, 164, 144, 124, 104, 84, 64, 44, 24, 25, 26, 27, 28, 29, 30, 31, 32, 52, 72, 92, 112, 132, 133, 134),DONE))
(123,(Set(143, 103, 124),22,Set(1, 21, 41, 61, 81, 101, 121, 141, 161, 181, 201, 221, 241, 261, 262, 263, 243, 223, 203, 183, 163, 143),DONE))
(91,(Set(71, 111, 90, 92),38,Set(1, 21, 41, 61, 81, 101, 121, 141, 161, 181, 201, 221, 241, 261, 262, 263, 264, 244, 224, 204, 184, 164, 144, 124, 104, 84, 64, 44, 24, 25, 26, 27, 28, 29, 49, 69, 89, 90),DONE))
(391,(Set(371, 390, 392),53,Set(1, 21, 41, 61, 81, 101, 121, 141, 161, 181, 201, 221, 241, 261, 262, 263, 264, 244, 224, 204, 184, 164, 144, 124, 104, 84, 64, 44, 24, 25, 26, 27, 28, 29, 49, 69, 89, 109, 129, 149, 169, 189, 209, 229, 249, 269, 289, 309, 329, 349, 369, 389, 390),DONE))
(31,(Set(51, 30, 32, 11),35,Set(1, 21, 41, 61, 81, 101, 121, 141, 161, 181, 201, 221, 241, 261, 262, 263, 264, 244, 224, 204, 184, 164, 144, 124, 104, 84, 64, 44, 24, 25, 26, 27, 28, 29, 30),DONE))
(287,(Set(267, 307, 286),20,Set(1, 21, 41, 61, 81, 101, 121, 141, 161, 181, 201, 221, 241, 261, 262, 263, 264, 284, 285, 286),DONE))
(363,(Set(383, 343, 364),20,Set(1, 21, 41, 61, 81, 101, 121, 141, 161, 181, 201, 221, 241, 261, 262, 263, 283, 303, 323, 343),DONE))
(239,(Set(219, 259, 238, 240),53,Set(1, 21, 41, 61, 81, 101, 121, 141, 161, 181, 201, 221, 241, 261, 262, 263, 264, 244, 224, 204, 184, 164, 144, 124, 104, 84, 64, 44, 24, 25, 26, 27, 28, 29, 30, 31, 32, 33, 34, 35, 36, 56, 76, 96, 116, 136, 156, 176, 196, 216, 236, 237, 238),DONE))
(87,(Set(67, 107, 86),28,Set(1, 21, 41, 61, 81, 101, 121, 141, 161, 181, 201, 221, 241, 261, 262, 263, 264, 244, 224, 204, 184, 164, 144, 124, 104, 84, 85, 86),DONE))
(119,(Set(99, 139, 118, 120),47,Set(1, 21, 41, 61, 81, 101, 121, 141, 161, 181, 201, 221, 241, 261, 262, 263, 264, 244, 224, 204, 184, 164, 144, 124, 104, 84, 64, 44, 24, 25, 26, 27, 28, 29, 30, 31, 32, 33, 34, 35, 36, 56, 76, 96, 116, 117, 118),DONE))
(271,(Set(251, 291, 270, 272),47,Set(1, 21, 41, 61, 81, 101, 121, 141, 161, 181, 201, 221, 241, 261, 262, 263, 264, 244, 224, 204, 184, 164, 144, 124, 104, 84, 64, 44, 24, 25, 26, 27, 28, 29, 49, 69, 89, 109, 129, 149, 169, 189, 209, 229, 249, 269, 270),DONE))
(323,(Set(324, 303, 343),18,Set(1, 21, 41, 61, 81, 101, 121, 141, 161, 181, 201, 221, 241, 261, 262, 263, 283, 303),DONE))
(55,(Set(56, 35, 75, 54),40,Set(1, 21, 41, 61, 81, 101, 121, 141, 161, 181, 201, 221, 241, 261, 262, 263, 264, 244, 224, 204, 184, 164, 144, 124, 104, 84, 64, 44, 24, 25, 26, 27, 28, 29, 30, 31, 32, 52, 53, 54),DONE))
(387,(Set(386, 367),25,Set(1, 21, 41, 61, 81, 101, 121, 141, 161, 181, 201, 221, 241, 261, 262, 263, 264, 284, 304, 324, 344, 364, 384, 385, 386),DONE))
(231,(Set(251, 230, 232, 211),45,Set(1, 21, 41, 61, 81, 101, 121, 141, 161, 181, 201, 221, 241, 261, 262, 263, 264, 244, 224, 204, 184, 164, 144, 124, 104, 84, 64, 44, 24, 25, 26, 27, 28, 29, 49, 69, 89, 109, 129, 149, 169, 189, 209, 229, 230),DONE))
(375,(Set(374, 376, 355, 395),56,Set(1, 21, 41, 61, 81, 101, 121, 141, 161, 181, 201, 221, 241, 261, 262, 263, 264, 244, 224, 204, 184, 164, 144, 124, 104, 84, 64, 44, 24, 25, 26, 27, 28, 29, 30, 31, 32, 52, 72, 92, 112, 132, 152, 172, 192, 212, 232, 252, 272, 292, 312, 332, 352, 372, 373, 374),DONE))
(79,(Set(99, 78, 80, 59),45,Set(1, 21, 41, 61, 81, 101, 121, 141, 161, 181, 201, 221, 241, 261, 262, 263, 264, 244, 224, 204, 184, 164, 144, 124, 104, 84, 64, 44, 24, 25, 26, 27, 28, 29, 30, 31, 32, 33, 34, 35, 36, 56, 76, 77, 78),DONE))
(107,(Set(87, 127, 106),27,Set(1, 21, 41, 61, 81, 101, 121, 141, 161, 181, 201, 221, 241, 261, 262, 263, 264, 244, 224, 204, 184, 164, 144, 124, 104, 105, 106),DONE))
(263,(Set(264, 243, 283, 262),15,Set(1, 21, 41, 61, 81, 101, 121, 141, 161, 181, 201, 221, 241, 261, 262),DONE))
(127,(Set(147, 107, 126),26,Set(1, 21, 41, 61, 81, 101, 121, 141, 161, 181, 201, 221, 241, 261, 262, 263, 264, 244, 224, 204, 184, 164, 144, 124, 125, 126),DONE))
(191,(Set(171, 190, 192, 211),43,Set(1, 21, 41, 61, 81, 101, 121, 141, 161, 181, 201, 221, 241, 261, 262, 263, 264, 244, 224, 204, 184, 164, 144, 124, 104, 84, 64, 44, 24, 25, 26, 27, 28, 29, 49, 69, 89, 109, 129, 149, 169, 189, 190),DONE))
(179,(Set(180, 159, 199, 178),50,Set(1, 21, 41, 61, 81, 101, 121, 141, 161, 181, 201, 221, 241, 261, 262, 263, 264, 244, 224, 204, 184, 164, 144, 124, 104, 84, 64, 44, 24, 25, 26, 27, 28, 29, 30, 31, 32, 33, 34, 35, 36, 56, 76, 96, 116, 136, 156, 176, 177, 178),DONE))
(275,(Set(255, 274, 276, 295),51,Set(1, 21, 41, 61, 81, 101, 121, 141, 161, 181, 201, 221, 241, 261, 262, 263, 264, 244, 224, 204, 184, 164, 144, 124, 104, 84, 64, 44, 24, 25, 26, 27, 28, 29, 30, 31, 32, 52, 72, 92, 112, 132, 152, 172, 192, 212, 232, 252, 272, 273, 274),DONE))
(75,(Set(74, 76, 55, 95),41,Set(1, 21, 41, 61, 81, 101, 121, 141, 161, 181, 201, 221, 241, 261, 262, 263, 264, 244, 224, 204, 184, 164, 144, 124, 104, 84, 64, 44, 24, 25, 26, 27, 28, 29, 30, 31, 32, 52, 72, 73, 74),DONE))
(51,(Set(52, 31, 71, 50),36,Set(1, 21, 41, 61, 81, 101, 121, 141, 161, 181, 201, 221, 241, 261, 262, 263, 264, 244, 224, 204, 184, 164, 144, 124, 104, 84, 64, 44, 24, 25, 26, 27, 28, 29, 49, 50),DONE))
(219,(Set(220, 239, 199, 218),52,Set(1, 21, 41, 61, 81, 101, 121, 141, 161, 181, 201, 221, 241, 261, 262, 263, 264, 244, 224, 204, 184, 164, 144, 124, 104, 84, 64, 44, 24, 25, 26, 27, 28, 29, 30, 31, 32, 33, 34, 35, 36, 56, 76, 96, 116, 136, 156, 176, 196, 216, 217, 218),DONE))
(83,(Set(84, 63, 103),24,Set(1, 21, 41, 61, 81, 101, 121, 141, 161, 181, 201, 221, 241, 261, 262, 263, 243, 223, 203, 183, 163, 143, 123, 103),DONE))
(251,(Set(252, 271, 231, 250),46,Set(1, 21, 41, 61, 81, 101, 121, 141, 161, 181, 201, 221, 241, 261, 262, 263, 264, 244, 224, 204, 184, 164, 144, 124, 104, 84, 64, 44, 24, 25, 26, 27, 28, 29, 49, 69, 89, 109, 129, 149, 169, 189, 209, 229, 249, 250),DONE))
(183,(Set(184, 203, 163),19,Set(1, 21, 41, 61, 81, 101, 121, 141, 161, 181, 201, 221, 241, 261, 262, 263, 243, 223, 203),DONE))
(43,(Set(63, 44, 23),26,Set(1, 21, 41, 61, 81, 101, 121, 141, 161, 181, 201, 221, 241, 261, 262, 263, 243, 223, 203, 183, 163, 143, 123, 103, 83, 63),DONE))
(167,(Set(147, 187, 166),24,Set(1, 21, 41, 61, 81, 101, 121, 141, 161, 181, 201, 221, 241, 261, 262, 263, 264, 244, 224, 204, 184, 164, 165, 166),DONE))
(159,(Set(179, 139, 158, 160),49,Set(1, 21, 41, 61, 81, 101, 121, 141, 161, 181, 201, 221, 241, 261, 262, 263, 264, 244, 224, 204, 184, 164, 144, 124, 104, 84, 64, 44, 24, 25, 26, 27, 28, 29, 30, 31, 32, 33, 34, 35, 36, 56, 76, 96, 116, 136, 156, 157, 158),DONE))
(115,(Set(135, 114, 116, 95),43,Set(1, 21, 41, 61, 81, 101, 121, 141, 161, 181, 201, 221, 241, 261, 262, 263, 264, 244, 224, 204, 184, 164, 144, 124, 104, 84, 64, 44, 24, 25, 26, 27, 28, 29, 30, 31, 32, 52, 72, 92, 112, 113, 114),DONE))
(187,(Set(186, 207, 167),23,Set(1, 21, 41, 61, 81, 101, 121, 141, 161, 181, 201, 221, 241, 261, 262, 263, 264, 244, 224, 204, 184, 185, 186),DONE))
(15,(Set(16, 35, 14),40,Set(1, 21, 41, 61, 81, 101, 121, 141, 161, 181, 201, 221, 241, 261, 262, 263, 264, 244, 224, 204, 184, 164, 144, 124, 104, 84, 64, 44, 24, 25, 26, 27, 28, 29, 30, 31, 32, 12, 13, 14),DONE))
(47,(Set(27, 67, 46),30,Set(1, 21, 41, 61, 81, 101, 121, 141, 161, 181, 201, 221, 241, 261, 262, 263, 264, 244, 224, 204, 184, 164, 144, 124, 104, 84, 64, 44, 45, 46),DONE))
(243,(Set(263, 223, 244),16,Set(1, 21, 41, 61, 81, 101, 121, 141, 161, 181, 201, 221, 241, 261, 262, 263),DONE))
(95,(Set(96, 115, 75, 94),42,Set(1, 21, 41, 61, 81, 101, 121, 141, 161, 181, 201, 221, 241, 261, 262, 263, 264, 244, 224, 204, 184, 164, 144, 124, 104, 84, 64, 44, 24, 25, 26, 27, 28, 29, 30, 31, 32, 52, 72, 92, 93, 94),DONE))
(379,(Set(380, 399),62,Set(1, 21, 41, 61, 81, 101, 121, 141, 161, 181, 201, 221, 241, 261, 262, 263, 264, 244, 224, 204, 184, 164, 144, 124, 104, 84, 64, 44, 24, 25, 26, 27, 28, 29, 30, 31, 32, 33, 34, 35, 36, 56, 76, 96, 116, 136, 156, 176, 196, 216, 236, 256, 276, 296, 316, 336, 356, 376, 396, 397, 398, 399),DONE))
(207,(Set(187, 227, 206),22,Set(1, 21, 41, 61, 81, 101, 121, 141, 161, 181, 201, 221, 241, 261, 262, 263, 264, 244, 224, 204, 205, 206),DONE))
(351,(Set(371, 350, 352, 331),51,Set(1, 21, 41, 61, 81, 101, 121, 141, 161, 181, 201, 221, 241, 261, 262, 263, 264, 244, 224, 204, 184, 164, 144, 124, 104, 84, 64, 44, 24, 25, 26, 27, 28, 29, 49, 69, 89, 109, 129, 149, 169, 189, 209, 229, 249, 269, 289, 309, 329, 349, 350),DONE))
(371,(Set(372, 391, 351, 370),52,Set(1, 21, 41, 61, 81, 101, 121, 141, 161, 181, 201, 221, 241, 261, 262, 263, 264, 244, 224, 204, 184, 164, 144, 124, 104, 84, 64, 44, 24, 25, 26, 27, 28, 29, 49, 69, 89, 109, 129, 149, 169, 189, 209, 229, 249, 269, 289, 309, 329, 349, 369, 370),DONE))
(27,(Set(28, 7, 47, 26),31,Set(1, 21, 41, 61, 81, 101, 121, 141, 161, 181, 201, 221, 241, 261, 262, 263, 264, 244, 224, 204, 184, 164, 144, 124, 104, 84, 64, 44, 24, 25, 26),DONE))
(227,(Set(207, 247, 226),21,Set(1, 21, 41, 61, 81, 101, 121, 141, 161, 181, 201, 221, 241, 261, 262, 263, 264, 244, 224, 225, 226),DONE))
(259,(Set(260, 239, 279, 258),54,Set(1, 21, 41, 61, 81, 101, 121, 141, 161, 181, 201, 221, 241, 261, 262, 263, 264, 244, 224, 204, 184, 164, 144, 124, 104, 84, 64, 44, 24, 25, 26, 27, 28, 29, 30, 31, 32, 33, 34, 35, 36, 56, 76, 96, 116, 136, 156, 176, 196, 216, 236, 256, 257, 258),DONE))
(295,(Set(296, 275, 315, 294),52,Set(1, 21, 41, 61, 81, 101, 121, 141, 161, 181, 201, 221, 241, 261, 262, 263, 264, 244, 224, 204, 184, 164, 144, 124, 104, 84, 64, 44, 24, 25, 26, 27, 28, 29, 30, 31, 32, 52, 72, 92, 112, 132, 152, 172, 192, 212, 232, 252, 272, 292, 293, 294),DONE))
(143,(Set(144, 123, 163),21,Set(1, 21, 41, 61, 81, 101, 121, 141, 161, 181, 201, 221, 241, 261, 262, 263, 243, 223, 203, 183, 163),DONE))
(335,(Set(336, 355, 315, 334),54,Set(1, 21, 41, 61, 81, 101, 121, 141, 161, 181, 201, 221, 241, 261, 262, 263, 264, 244, 224, 204, 184, 164, 144, 124, 104, 84, 64, 44, 24, 25, 26, 27, 28, 29, 30, 31, 32, 52, 72, 92, 112, 132, 152, 172, 192, 212, 232, 252, 272, 292, 312, 332, 333, 334),DONE))
(163,(Set(143, 183, 164),20,Set(1, 21, 41, 61, 81, 101, 121, 141, 161, 181, 201, 221, 241, 261, 262, 263, 243, 223, 203, 183),DONE))
(7,(Set(27, 6),32,Set(1, 21, 41, 61, 81, 101, 121, 141, 161, 181, 201, 221, 241, 261, 262, 263, 264, 244, 224, 204, 184, 164, 144, 124, 104, 84, 64, 44, 24, 4, 5, 6),DONE))
(223,(Set(224, 203, 243),17,Set(1, 21, 41, 61, 81, 101, 121, 141, 161, 181, 201, 221, 241, 261, 262, 263, 243),DONE))
(155,(Set(135, 154, 156, 175),45,Set(1, 21, 41, 61, 81, 101, 121, 141, 161, 181, 201, 221, 241, 261, 262, 263, 264, 244, 224, 204, 184, 164, 144, 124, 104, 84, 64, 44, 24, 25, 26, 27, 28, 29, 30, 31, 32, 52, 72, 92, 112, 132, 152, 153, 154),DONE))
(315,(Set(335, 314, 316, 295),53,Set(1, 21, 41, 61, 81, 101, 121, 141, 161, 181, 201, 221, 241, 261, 262, 263, 264, 244, 224, 204, 184, 164, 144, 124, 104, 84, 64, 44, 24, 25, 26, 27, 28, 29, 30, 31, 32, 52, 72, 92, 112, 132, 152, 172, 192, 212, 232, 252, 272, 292, 312, 313, 314),DONE))
